Australia Fires/2019120120191231 (1).grid
ncols 886
nrows 691
xllcenter 112.0000
yllcenter -44.5000
cellsize 0.0500
nodata_value 99999.90
[rows 578 to 611 of 691, columns 616 to 692 of 886]
21.64 21.70 21.74 21.78 21.81 21.83 21.84 21.85 21.85 21.83 21.81 21.78 21.74 21.71 21.69 21.71 21.74 21.79 21.82 21.83 21.85 21.85 21.84 21.82 21.79 21.76 21.73 21.70 21.65 21.60 21.56 21.51 21.46 21.42 21.38 21.35 21.32 21.29 21.28 21.28 21.28 21.29 21.32 21.36 21.40 21.44 21.49 21.55 21.59 21.64 21.69 21.73 21.77 21.81 21.84 21.86 21.89 21.91 21.93 21.94 21.95 21.95 21.94 21.92 21.90 21.86 21.82 21.77 21.72 21.38 21.61 21.24 21.32 20.55 21.49 21.48 21.49
21.41 21.46 21.51 21.55 21.57 21.60 21.61 21.62 21.61 21.61 21.59 21.55 21.53 21.50 21.49 21.50 21.54 21.57 21.59 21.62 21.63 21.63 21.63 21.62 21.60 21.58 21.55 21.51 21.48 21.44 21.40 21.36 21.32 21.28 21.25 21.22 21.19 21.17 21.16 21.15 21.15 21.17 21.19 21.22 21.25 21.29 21.33 21.38 21.42 21.46 21.50 21.54 21.58 21.61 21.64 21.67 21.68 21.70 21.72 21.72 21.72 21.71 21.71 21.68 21.65 21.61 21.57 21.51 21.46 21.40 21.22 19.19 20.05 21.22 21.22 21.21 21.22
21.20 21.25 21.29 21.32 21.36 21.38 21.40 21.41 21.40 21.39 21.37 21.36 21.34 21.32 21.31 21.33 21.35 21.38 21.40 21.42 21.44 21.44 21.45 21.43 21.42 21.40 21.38 21.35 21.32 21.29 21.25 21.22 21.18 21.14 21.11 21.08 21.06 21.04 21.03 21.03 21.03 21.04 21.05 21.08 21.11 21.14 21.19 21.22 21.26 21.29 21.33 21.37 21.40 21.43 21.45 21.48 21.49 21.51 21.51 21.51 21.52 21.50 21.48 21.46 21.42 21.38 21.33 21.27 21.21 21.15 20.53 18.77 18.81 20.95 20.94 20.96 20.97
20.99 21.04 21.09 21.11 21.15 21.17 21.20 21.20 21.20 21.20 21.19 21.18 21.17 21.16 21.16 21.16 21.18 21.20 21.22 21.24 21.25 21.26 21.26 21.26 21.25 21.24 21.22 21.19 21.17 21.14 21.10 21.07 21.04 21.01 20.99 20.96 20.94 20.93 20.92 20.91 20.91 20.92 20.93 20.96 20.98 21.01 21.04 21.07 21.10 21.14 21.17 21.20 21.23 21.25 21.28 21.30 21.30 21.32 21.32 21.32 21.31 21.29 21.27 21.24 21.21 21.16 21.11 21.04 20.98 20.91 20.83 19.40 18.14 20.34 20.69 20.71 20.73
20.79 20.84 20.89 20.93 20.95 20.98 21.00 21.01 21.02 21.02 21.02 21.01 21.00 21.00 21.00 21.02 21.02 21.05 21.06 21.07 21.09 21.10 21.10 21.10 21.09 21.08 21.06 21.04 21.02 21.00 20.97 20.94 20.92 20.89 20.86 20.84 20.82 20.80 20.80 20.79 20.79 20.80 20.81 20.83 20.85 20.87 20.89 20.93 20.96 20.98 21.02 21.04 21.06 21.09 21.10 21.12 21.13 21.13 21.13 21.13 21.12 21.10 21.08 21.04 21.00 20.96 20.89 20.84 20.76 20.69 20.62 19.19 19.11 20.45 20.46 20.49 20.51
20.60 20.65 20.70 20.74 20.77 20.80 20.82 20.83 20.85 20.85 20.85 20.85 20.85 20.86 20.86 20.87 20.88 20.89 20.91 20.93 20.93 20.94 20.95 20.94 20.94 20.93 20.92 20.90 20.88 20.86 20.83 20.81 20.79 20.76 20.74 20.72 20.71 20.70 20.69 20.68 20.68 20.68 20.69 20.71 20.73 20.75 20.77 20.79 20.81 20.84 20.86 20.89 20.91 20.93 20.94 20.95 20.96 20.96 20.96 20.95 20.94 20.92 20.89 20.86 20.81 20.77 20.71 20.64 20.58 20.50 20.42 20.34 20.28 20.26 20.27 20.30 20.32
20.43 20.48 20.53 20.57 20.60 20.63 20.65 20.67 20.68 20.69 20.70 20.70 20.71 20.71 20.71 20.72 20.74 20.75 20.77 20.78 20.79 20.79 20.80 20.80 20.80 20.79 20.78 20.77 20.75 20.72 20.71 20.69 20.67 20.65 20.63 20.60 20.59 20.58 20.57 20.56 20.57 20.57 20.58 20.58 20.60 20.61 20.64 20.66 20.68 20.70 20.72 20.74 20.76 20.77 20.79 20.80 20.80 20.80 20.80 20.79 20.78 20.75 20.72 20.69 20.64 20.59 20.54 20.47 20.40 20.33 20.26 20.20 20.14 20.12 20.12 20.13 20.16
20.26 20.31 20.36 20.40 20.44 20.47 20.50 20.51 20.53 20.54 20.55 20.56 20.56 20.58 20.58 20.60 20.60 20.61 20.63 20.64 20.65 20.66 20.66 20.67 20.66 20.65 20.65 20.64 20.62 20.61 20.59 20.57 20.55 20.53 20.51 20.50 20.48 20.47 20.46 20.46 20.45 20.46 20.46 20.47 20.49 20.50 20.52 20.53 20.55 20.57 20.59 20.60 20.62 20.64 20.64 20.65 20.65 20.65 20.64 20.64 20.62 20.59 20.56 20.53 20.49 20.43 20.39 20.32 20.26 20.19 20.12 20.06 20.02 20.00 19.99 20.00 20.01
20.10 20.15 20.20 20.24 20.29 20.32 20.34 20.36 20.38 20.40 20.41 20.42 20.43 20.44 20.45 20.47 20.47 20.49 20.50 20.51 20.52 20.52 20.53 20.53 20.53 20.53 20.52 20.51 20.49 20.48 20.47 20.45 20.43 20.41 20.40 20.38 20.37 20.36 20.35 20.35 20.35 20.35 20.36 20.37 20.38 20.39 20.40 20.42 20.43 20.45 20.46 20.47 20.49 20.51 20.51 20.51 20.51 20.52 20.51 20.49 20.47 20.45 20.42 20.39 20.34 20.30 20.25 20.19 20.13 20.07 20.01 19.96 19.92 19.90 19.88 19.89 19.90
19.95 20.01 20.05 20.10 20.14 20.17 20.20 20.23 20.25 20.26 20.28 20.29 20.30 20.31 20.32 20.34 20.35 20.36 20.37 20.38 20.39 20.39 20.40 20.40 20.40 20.39 20.39 20.38 20.37 20.36 20.35 20.33 20.32 20.30 20.29 20.27 20.26 20.25 20.24 20.25 20.24 20.25 20.24 20.25 20.26 20.28 20.29 20.30 20.32 20.33 20.34 20.36 20.37 20.38 20.39 20.39 20.39 20.38 20.37 20.36 20.35 20.32 20.29 20.25 20.22 20.17 20.12 20.07 20.02 19.96 19.91 19.87 19.83 19.80 19.79 19.79 19.78
19.82 19.86 19.92 19.96 20.00 20.03 20.06 20.09 20.11 20.13 20.15 20.16 20.18 20.19 20.20 20.22 20.23 20.24 20.24 20.26 20.27 20.27 20.27 20.28 20.27 20.27 20.26 20.26 20.25 20.23 20.23 20.21 20.20 20.19 20.18 20.17 20.16 20.15 20.14 20.14 20.14 20.14 20.14 20.15 20.16 20.16 20.18 20.19 20.21 20.22 20.23 20.24 20.25 20.26 20.26 20.27 20.26 20.26 20.26 20.24 20.22 20.19 20.17 20.14 20.10 20.06 20.01 19.96 19.91 19.86 19.82 19.78 19.75 19.72 19.71 19.69 19.69
19.68 19.73 19.78 19.82 19.87 19.90 19.93 19.96 19.98 20.00 20.02 20.04 20.05 20.07 20.08 20.09 20.10 20.11 20.12 20.14 20.14 20.15 20.15 20.16 20.15 20.15 20.14 20.14 20.13 20.12 20.11 20.10 20.08 20.08 20.07 20.05 20.05 20.04 20.04 20.04 20.03 20.04 20.04 20.04 20.06 20.06 20.08 20.09 20.10 20.11 20.12 20.13 20.14 20.15 20.16 20.16 20.16 20.15 20.14 20.12 20.11 20.09 20.06 20.02 19.99 19.96 19.92 19.87 19.83 19.79 19.74 19.70 19.67 19.64 19.63 19.61 19.61
19.55 19.60 19.65 19.70 19.74 19.77 19.81 19.83 19.86 19.88 19.89 19.91 19.93 19.94 19.96 19.97 19.98 19.99 20.00 20.01 20.02 20.02 20.03 20.03 20.03 20.02 20.02 20.01 20.01 20.00 19.99 19.98 19.97 19.96 19.95 19.94 19.94 19.93 19.93 19.93 19.93 19.93 19.94 19.94 19.95 19.97 19.97 19.98 20.00 20.01 20.02 20.03 20.04 20.05 20.05 20.05 20.05 20.05 20.04 20.02 20.00 19.99 19.96 19.93 19.90 19.86 19.82 19.78 19.74 19.71 19.67 19.63 19.60 19.58 19.56 19.54 19.53
19.43 19.48 19.53 19.57 19.61 19.65 19.68 19.70 19.73 19.75 19.77 19.79 19.81 19.82 19.83 19.85 19.86 19.87 19.88 19.89 19.90 19.90 19.91 19.91 19.90 19.90 19.89 19.89 19.88 19.88 19.87 19.86 19.85 19.85 19.83 19.83 19.82 19.83 19.83 19.83 19.83 19.83 19.84 19.84 19.85 19.86 19.88 19.89 19.89 19.91 19.93 19.93 19.94 19.94 19.95 19.96 19.95 19.95 19.94 19.93 19.91 19.89 19.87 19.84 19.81 19.78 19.74 19.71 19.67 19.64 19.60 19.57 19.54 19.52 19.49 19.48 19.46
19.31 19.36 19.41 19.45 19.49 19.52 19.55 19.58 19.60 19.62 19.64 19.67 19.68 19.70 19.71 19.72 19.74 19.75 19.76 19.77 19.78 19.78 19.78 19.45 19.78 19.78 19.77 19.77 19.77 19.75 19.75 19.74 19.73 19.73 19.73 19.72 19.72 19.72 19.72 19.72 19.73 19.73 19.74 19.74 19.75 19.77 19.78 19.80 19.80 19.82 19.83 19.84 19.85 19.86 19.86 19.86 19.87 19.86 19.85 19.84 19.83 19.80 19.78 19.76 19.74 19.71 19.67 19.64 19.61 19.57 19.54 19.52 19.48 19.47 19.44 19.42 19.41
19.19 19.25 19.29 19.33 19.37 19.40 19.43 19.46 19.48 19.50 19.52 19.54 19.55 19.57 19.58 19.60 19.61 19.63 19.64 19.65 19.65 19.66 19.66 19.42 19.47 19.42 19.65 19.64 19.64 19.64 19.62 19.62 19.62 19.62 19.60 19.60 19.60 19.61 19.61 19.62 19.62 19.62 19.64 19.65 19.66 19.67 19.69 19.70 19.72 19.73 19.74 19.75 19.76 19.77 19.77 19.78 19.77 19.78 19.77 19.77 19.75 19.73 19.71 19.69 19.67 19.64 19.61 19.58 19.55 19.52 19.49 19.47 19.44 19.42 19.40 19.38 19.37
19.08 19.13 19.17 19.21 19.25 19.28 19.31 19.33 19.36 19.38 19.39 19.41 19.43 19.45 19.46 19.48 19.49 19.51 19.52 19.52 19.54 19.54 19.48 19.38 19.40 19.41 19.51 19.52 19.51 19.51 19.51 19.50 19.49 19.49 19.49 19.49 19.49 19.49 19.51 19.51 19.52 19.53 19.54 19.55 19.57 19.58 19.60 19.61 19.62 19.64 19.65 19.67 19.68 19.68 19.70 19.70 19.70 19.70 19.70 19.68 19.68 19.66 19.65 19.63 19.60 19.58 19.55 19.53 19.50 19.48 19.44 19.42 19.39 19.38 19.36 19.34 19.33
18.97 19.02 19.06 19.10 19.12 19.16 19.18 19.21 19.23 19.25 19.26 19.29 19.31 19.32 19.33 19.35 19.37 19.38 19.39 19.40 19.42 19.42 19.16 19.22 19.27 19.15 19.40 19.40 19.39 19.39 19.39 19.38 19.38 19.38 19.38 19.38 19.38 19.39 19.40 19.41 19.42 19.44 19.45 19.46 19.48 19.49 19.51 19.53 19.55 19.56 19.57 19.59 19.60 19.61 19.63 19.63 19.63 19.63 19.63 19.63 19.61 19.61 19.59 19.57 19.55 19.53 19.51 19.48 19.45 19.43 19.41 19.38 19.36 19.34 19.33 19.31 19.30
18.85 18.90 18.93 18.97 19.00 19.03 19.06 19.08 19.10 19.12 19.14 19.16 19.18 19.19 19.21 19.23 19.23 19.26 19.27 19.28 19.30 19.30 19.13 18.98 18.99 19.01 19.28 19.28 19.27 19.27 19.26 19.26 19.26 19.26 19.27 19.27 19.27 19.29 19.30 19.31 19.33 19.34 19.35 19.38 19.39 19.41 19.43 19.44 19.47 19.49 19.51 19.52 19.54 19.55 19.55 19.56 19.57 19.57 19.57 19.57 19.55 19.55 19.53 19.52 19.50 19.48 19.46 19.44 19.42 19.40 19.38 19.35 19.34 19.32 19.30 19.29 19.28
18.74 18.78 18.82 18.86 18.89 18.91 18.93 18.95 18.97 18.99 19.01 19.03 19.04 19.06 19.07 19.09 19.11 19.13 19.14 19.16 19.18 19.19 18.95 18.81 19.02 18.91 19.12 19.15 19.15 19.15 19.14 19.14 19.15 19.15 19.15 19.17 19.18 19.19 19.21 19.22 19.23 19.25 19.27 19.29 19.31 19.34 19.36 19.37 19.40 19.41 19.44 19.46 19.46 19.48 19.49 19.50 19.51 19.52 19.52 19.51 19.51 19.51 19.49 19.48 19.47 19.45 19.43 19.41 19.39 19.37 19.36 19.33 19.32 19.30 19.29 19.28 19.26
18.63 18.67 18.70 18.73 18.76 18.78 18.81 18.82 18.85 18.86 18.88 18.89 18.91 18.92 18.94 18.96 18.98 19.00 19.01 19.03 19.06 18.88 18.73 18.70 18.70 18.78 18.87 19.03 19.03 19.02 19.03 19.03 19.03 19.05 19.06 19.07 19.07 19.10 19.11 19.13 19.15 19.17 19.19 19.21 19.24 19.26 19.29 19.31 19.33 19.36 19.37 19.39 19.41 19.43 19.44 19.45 19.46 19.46 19.47 19.47 19.47 19.47 19.45 19.45 19.43 19.42 19.41 19.39 19.38 19.36 19.33 19.32 19.31 19.30 19.28 19.27 19.27
18.51 18.54 18.58 18.60 18.63 18.65 18.68 18.69 18.71 18.73 18.74 18.76 18.77 18.79 18.81 18.83 18.84 18.86 18.88 18.90 18.93 18.95 18.34 18.36 18.36 18.34 18.47 18.91 18.92 18.91 18.92 18.92 18.94 18.94 18.95 18.96 18.99 19.00 19.02 19.05 19.07 19.09 19.12 19.15 19.17 19.19 19.22 19.25 19.28 19.30 19.32 19.34 19.37 19.39 19.40 19.41 19.42 19.43 19.43 19.44 19.44 19.43 19.43 19.42 19.41 19.40 19.38 19.38 19.36 19.35 19.33 19.31 19.30 19.29 19.29 19.28 19.27
18.39 18.43 18.45 18.48 18.50 18.52 18.54 18.57 18.57 18.59 18.61 18.63 18.64 18.65 18.68 18.69 18.71 18.73 18.75 18.77 18.79 18.80 18.52 18.40 18.04 18.21 18.35 18.80 18.80 18.80 18.81 18.82 18.83 18.84 18.86 18.88 18.90 18.92 18.94 18.97 19.00 19.02 19.05 19.08 19.11 19.14 19.17 19.20 19.23 19.26 19.28 19.30 19.32 19.34 19.36 19.38 19.39 19.39 19.40 19.41 19.42 19.41 19.41 19.40 19.40 19.39 19.37 19.37 19.35 19.34 19.33 19.32 19.31 19.30 19.30 19.29 19.29
18.27 18.30 18.33 18.35 18.37 18.39 18.41 18.43 18.45 18.46 18.48 18.49 18.51 18.52 18.54 18.55 18.57 18.60 18.62 18.63 18.65 18.66 18.35 18.21 17.77 18.05 18.68 18.68 18.69 18.70 18.70 18.72 18.74 18.76 18.77 18.80 18.82 18.84 18.87 18.90 18.93 18.96 18.99 19.02 19.06 19.09 19.12 19.16 19.18 19.21 19.24 19.27 19.29 19.32 19.33 19.35 19.37 19.38 19.38 19.39 19.39 19.39 19.39 19.39 19.39 19.38 19.37 19.36 19.36 19.35 19.34 19.33 19.32 19.32 19.32 19.32 19.31
18.15 18.17 18.20 18.21 18.23 18.25 18.27 18.29 18.30 18.32 18.34 18.36 18.37 18.38 18.40 18.43 18.44 18.46 18.48 18.49 18.52 18.53 17.95 18.51 18.45 18.56 18.56 18.57 18.59 18.60 18.61 18.63 18.64 18.67 18.69 18.72 18.75 18.77 18.80 18.83 18.86 18.90 18.94 18.97 19.01 19.04 19.08 19.12 19.15 19.18 19.21 19.24 19.27 19.29 19.30 19.33 19.34 19.36 19.37 19.37 19.39 19.39 19.39 19.39 19.38 19.38 19.38 19.37 19.36 19.36 19.36 19.35 19.34 19.34 19.34 19.34 19.34
18.02 18.05 18.07 18.08 18.11 18.12 18.14 18.16 18.17 18.19 18.20 18.22 18.24 18.25 18.27 18.29 18.30 18.33 18.35 18.36 18.38 18.40 18.41 18.42 18.43 18.44 18.45 18.47 18.48 18.50 18.51 18.54 18.56 18.58 18.61 18.64 18.67 18.71 18.74 18.78 18.81 18.85 18.89 18.93 18.97 19.01 19.05 19.09 19.12 19.16 19.19 19.22 19.24 19.27 19.29 19.32 19.34 19.35 19.36 19.37 19.38 19.38 19.38 19.38 19.38 19.38 19.38 19.38 19.37 19.38 19.37 19.37 19.36 19.37 19.37 19.38 19.38
17.89 17.91 17.94 17.95 17.97 17.99 18.00 18.02 18.03 18.05 18.07 18.09 18.10 18.11 18.14 18.16 18.17 18.19 18.22 18.23 18.26 18.27 18.29 18.31 18.31 18.33 18.35 18.36 18.39 18.41 18.43 18.45 18.48 18.51 18.54 18.57 18.61 18.65 18.68 18.73 18.77 18.81 18.86 18.90 18.94 18.98 19.03 19.06 19.11 19.14 19.17 19.21 19.23 19.26 19.29 19.31 19.33 19.35 19.36 19.38 19.38 19.39 19.40 19.40 19.40 19.40 19.40 19.39 19.40 19.40 19.40 19.39 19.40 19.41 19.41 19.42 19.42
17.77 17.78 17.80 17.82 17.83 17.85 17.87 17.89 17.90 17.91 17.93 17.95 17.97 17.99 18.01 18.03 18.05 18.07 18.09 18.11 18.13 18.15 18.17 18.19 18.21 18.23 18.25 18.26 18.29 18.31 18.34 18.37 18.40 18.43 18.47 18.51 18.55 18.59 18.64 18.68 18.72 18.78 18.82 18.86 18.91 18.96 19.00 19.05 19.09 19.12 19.16 19.20 19.23 19.26 19.28 19.31 19.34 19.35 19.37 19.38 19.39 19.41 19.41 19.41 19.41 19.41 19.42 19.42 19.42 19.42 19.43 19.43 19.44 19.44 19.45 19.46 19.48
17.64 17.65 17.66 17.68 17.70 17.72 17.73 17.75 17.77 17.78 17.80 17.82 17.84 17.86 17.88 17.90 17.93 17.94 17.97 17.98 18.01 18.03 18.06 18.08 18.10 18.13 18.15 18.18 18.21 18.23 18.26 18.29 18.34 18.37 18.41 18.45 18.50 18.54 18.58 18.64 18.69 18.74 18.79 18.84 18.89 18.94 19.00 19.03 19.08 19.12 19.16 19.20 19.23 19.26 19.29 19.32 19.34 19.36 19.38 19.39 19.41 19.42 19.43 19.43 19.44 19.44 19.45 19.45 19.46 19.46 19.46 19.47 19.48 19.49 19.50 19.51 19.53
17.52 17.51 17.54 17.55 17.56 17.58 17.60 17.61 17.64 17.65 17.67 17.69 17.71 17.74 17.75 17.78 17.80 17.82 17.85 17.88 17.90 17.93 17.95 17.97 18.01 18.03 18.06 18.09 18.12 18.16 18.19 18.23 18.27 18.30 18.35 18.40 18.45 18.50 18.55 18.60 18.65 18.71 18.76 18.82 18.87 18.93 18.98 19.04 19.08 19.13 19.17 19.21 19.25 19.27 19.30 19.33 19.35 19.38 19.40 19.42 19.43 19.44 19.45 19.46 19.46 19.48 19.48 19.48 19.48 19.50 19.50 19.51 19.52 19.53 19.54 19.56 19.59
17.39 17.39 17.40 17.41 17.44 17.45 17.47 17.49 17.51 17.52 17.55 17.56 17.59 17.61 17.64 17.66 17.68 17.71 17.73 17.76 17.80 17.82 17.85 17.88 17.91 17.94 17.97 18.01 18.04 18.09 18.12 18.16 18.20 18.25 18.30 18.35 18.40 18.45 18.50 18.57 18.62 18.69 18.56 18.54 18.87 18.93 18.98 19.04 19.09 19.14 19.18 19.22 19.26 19.29 19.32 19.35 19.38 19.40 19.42 19.43 19.45 19.47 19.47 19.49 19.50 19.50 19.51 19.52 19.52 19.53 19.55 19.55 19.56 19.58 19.60 19.62 19.65
17.28 17.26 17.27 17.28 17.30 17.32 17.34 17.36 17.38 17.40 17.42 17.45 17.47 17.49 17.52 17.55 17.57 17.60 17.63 17.67 17.69 17.72 17.75 17.79 17.83 17.86 17.90 17.93 17.97 18.01 18.05 18.10 18.14 18.19 18.24 18.30 18.35 18.41 18.47 18.54 18.59 18.64 18.35 18.80 18.86 18.93 18.99 19.04 19.10 19.14 19.19 19.23 19.27 19.30 19.34 19.38 19.40 19.43 19.44 19.46 19.48 19.50 19.51 19.52 19.53 19.54 19.55 19.56 19.57 19.58 19.59 19.60 19.62 19.63 19.66 19.67 19.70
17.17 17.15 17.14 17.16 17.17 17.19 17.21 17.23 17.26 17.28 17.30 17.33 17.35 17.38 17.41 17.44 17.47 17.49 17.53 17.56 17.60 17.62 17.66 17.70 17.74 17.78 17.82 17.86 17.90 17.95 17.99 18.04 18.09 18.14 18.20 18.25 18.31 18.38 18.44 18.33 18.57 18.65 18.72 18.79 18.86 18.93 18.99 19.05 19.11 19.16 19.21 19.26 19.30 19.33 19.36 19.40 19.43 19.46 19.48 19.50 19.52 19.53 19.55 19.56 19.57 19.58 19.59 19.60 19.61 19.62 19.63 19.65 19.67 19.68 19.71 19.74 19.76
17.06 17.04 17.02 17.03 17.05 17.07 17.09 17.11 17.14 17.16 17.19 17.21 17.24 17.26 17.30 17.33 17.36 17.40 17.43 17.47 17.51 17.54 17.58 17.62 17.66 17.70 17.74 17.79 17.84 17.89 17.94 17.99 18.04 18.09 18.16 18.21 18.28 18.34 18.41 18.20 18.56 18.63 18.71 18.79 18.86 18.93 19.00 19.07 19.13 19.18 19.23 19.28 19.32 19.36 19.39 19.44 19.46 19.49 19.52 19.54 19.56 19.58 19.59 19.61 19.62 19.62 19.64 19.65 19.66 19.67 19.69 19.71 19.72 19.74 19.77 19.80 19.83
