Australia Fires/2019120120191231 (1).grid
ncols 886
nrows 691
xllcenter 112.0000
yllcenter -44.5000
cellsize 0.0500
nodata_value 99999.90
[rows 68 to 101 of 691, columns 231 to 307 of 886]
31.12 31.21 31.28 31.37 31.47 31.57 31.66 31.76 31.87 31.97 32.08 32.20 32.30 32.41 32.52 32.62 32.73 32.84 32.94 33.04 33.13 33.22 33.30 33.38 33.46 33.52 33.59 33.64 33.68 33.72 33.76 33.78 33.81 33.82 33.82 33.84 33.86 33.92 33.97 34.03 34.10 34.15 34.20 34.26 34.30 34.35 34.41 34.46 34.51 34.57 34.64 34.70 34.77 34.86 34.94 35.03 35.12 35.22 35.30 35.40 35.50 35.60 35.68 35.78 35.86 35.94 36.02 36.09 36.16 36.23 36.29 36.36 36.40 36.46 36.51 36.56 36.59
31.19 31.27 31.34 31.43 31.51 31.60 31.70 31.79 31.90 32.01 32.13 32.24 32.35 32.46 32.58 32.69 32.79 32.90 33.00 33.10 33.20 33.28 33.37 33.45 33.53 33.60 33.66 33.71 33.76 33.80 33.83 33.86 33.88 33.89 33.89 33.90 33.95 34.01 34.08 34.14 34.19 34.25 34.30 34.35 34.40 34.46 34.51 34.55 34.61 34.66 34.72 34.79 34.86 34.95 35.03 35.12 35.22 35.32 35.43 35.53 35.62 35.72 35.82 35.90 36.00 36.08 36.15 36.24 36.31 36.37 36.44 36.50 36.56 36.60 36.66 36.70 36.75
31.26 31.33 31.42 31.50 31.58 31.67 31.76 31.85 31.95 32.05 32.16 32.28 32.39 32.51 32.63 32.74 32.86 32.96 33.06 33.17 33.27 33.36 33.45 33.52 33.61 33.67 33.73 33.79 33.83 33.88 33.91 33.94 33.95 33.96 33.97 34.01 34.07 34.12 34.18 34.25 34.30 34.36 34.41 34.46 34.51 34.56 34.60 34.65 34.70 34.75 34.81 34.87 34.95 35.03 35.13 35.22 35.33 35.43 35.54 35.65 35.75 35.86 35.95 36.05 36.14 36.22 36.30 36.38 36.45 36.52 36.59 36.65 36.71 36.75 36.80 36.85 36.89
31.33 31.41 31.49 31.58 31.66 31.74 31.83 31.91 32.00 32.10 32.21 32.32 32.44 32.56 32.68 32.80 32.91 33.03 33.13 33.24 33.33 33.43 33.52 33.60 33.68 33.75 33.82 33.87 33.92 33.96 33.99 34.02 34.04 34.04 34.06 34.11 34.17 34.24 34.30 34.35 34.41 34.47 34.52 34.57 34.62 34.67 34.71 34.75 34.80 34.84 34.90 34.96 35.04 35.12 35.23 35.34 35.45 35.56 35.67 35.78 35.89 35.99 36.09 36.19 36.28 36.37 36.45 36.53 36.61 36.67 36.74 36.80 36.86 36.91 36.95 37.00 37.04
31.41 31.49 31.57 31.65 31.74 31.83 31.90 32.00 32.08 32.17 32.26 32.37 32.49 32.61 32.73 32.85 32.97 33.08 33.21 33.30 33.41 33.51 33.60 33.69 33.76 33.84 33.90 33.96 34.01 34.04 34.08 34.10 34.12 34.14 34.16 34.22 34.29 34.35 34.42 34.47 34.53 34.58 34.64 34.69 34.74 34.79 34.82 34.86 34.91 34.95 35.00 35.06 35.13 35.23 35.33 35.44 35.56 35.69 35.81 35.93 36.03 36.14 36.25 36.35 36.44 36.53 36.61 36.69 36.76 36.83 36.89 36.95 37.01 37.06 37.12 37.15 37.20
31.49 31.57 31.65 31.74 31.82 31.91 31.99 32.07 32.16 32.25 32.34 32.43 32.54 32.67 32.80 32.92 33.04 33.16 33.27 33.38 33.48 33.58 33.68 33.77 33.85 33.93 33.98 34.05 34.09 34.13 34.17 34.20 34.22 34.23 34.27 34.34 34.41 34.47 34.53 34.60 34.65 34.70 34.77 34.82 34.86 34.91 34.95 34.98 35.02 35.06 35.10 35.15 35.22 35.32 35.44 35.57 35.70 35.82 35.95 36.07 36.19 36.30 36.40 36.51 36.59 36.69 36.77 36.85 36.92 36.99 37.05 37.11 37.17 37.22 37.27 37.31 37.35
31.57 31.65 31.74 31.82 31.90 31.98 32.07 32.16 32.24 32.33 32.42 32.51 32.61 32.73 32.86 32.98 33.11 33.23 33.34 33.45 33.57 33.67 33.77 33.86 33.94 34.01 34.08 34.14 34.20 34.23 34.27 34.30 34.32 34.34 34.38 34.46 34.52 34.60 34.66 34.72 34.78 34.84 34.90 34.95 34.99 35.04 35.08 35.12 35.16 35.18 35.22 35.26 35.31 35.43 35.56 35.70 35.85 35.98 36.11 36.23 36.35 36.46 36.57 36.67 36.76 36.85 36.93 37.02 37.09 37.15 37.21 37.27 37.33 37.38 37.43 37.47 37.51
31.65 31.73 31.82 31.90 31.98 32.07 32.15 32.24 32.33 32.42 32.51 32.60 32.69 32.79 32.92 33.05 33.17 33.30 33.42 33.54 33.65 33.75 33.85 33.95 34.03 34.11 34.17 34.23 34.29 34.34 34.37 34.40 34.42 34.45 34.51 34.58 34.65 34.73 34.79 34.86 34.92 34.98 35.03 35.09 35.13 35.18 35.22 35.26 35.30 35.33 35.35 35.38 35.40 35.56 35.72 35.86 36.00 36.14 36.28 36.40 36.52 36.63 36.74 36.85 36.93 37.03 37.10 37.19 37.26 37.32 37.39 37.45 37.50 37.54 37.59 37.63 37.67
31.73 31.82 31.90 31.98 32.07 32.15 32.23 32.32 32.42 32.50 32.60 32.68 32.78 32.87 32.99 33.12 33.25 33.38 33.50 33.62 33.73 33.84 33.94 34.03 34.13 34.20 34.28 34.34 34.40 34.44 34.48 34.51 34.53 34.56 34.63 34.72 34.78 34.86 34.93 34.99 35.05 35.12 35.18 35.23 35.28 35.34 35.38 35.42 35.46 35.49 35.53 35.57 35.63 35.75 35.89 36.04 36.18 36.32 36.45 36.58 36.70 36.81 36.92 37.03 37.11 37.11 37.27 37.31 37.37 37.41 37.56 37.61 37.67 37.71 37.75 37.79 37.83
31.81 31.90 31.98 32.06 32.15 32.23 32.32 32.41 32.50 32.59 32.68 32.77 32.86 32.96 33.06 33.19 33.32 33.46 33.58 33.70 33.82 33.93 34.03 34.13 34.22 34.30 34.37 34.45 34.50 34.55 34.59 34.62 34.65 34.69 34.77 34.85 34.93 34.99 35.07 35.14 35.21 35.27 35.33 35.39 35.44 35.49 35.54 35.59 35.64 35.69 35.73 35.78 35.87 35.98 36.10 36.24 36.38 36.51 36.65 36.77 36.89 37.00 37.11 37.21 37.30 37.25 37.35 37.37 37.44 37.52 37.65 37.78 37.83 37.88 37.92 37.96 38.00
31.89 31.98 32.06 32.15 32.23 32.32 32.41 32.49 32.58 32.68 32.77 32.85 32.95 33.04 33.14 33.27 33.40 33.54 33.67 33.79 33.91 34.02 34.13 34.22 34.32 34.40 34.48 34.55 34.62 34.67 34.71 34.75 34.78 34.82 34.91 34.98 35.06 35.15 35.21 35.29 35.35 35.43 35.49 35.55 35.60 35.67 35.72 35.78 35.83 35.89 35.94 36.01 36.10 36.21 36.32 36.46 36.58 36.71 36.85 36.97 37.09 37.09 37.31 37.40 37.49 37.57 37.47 37.40 37.64 37.62 37.67 37.94 38.00 38.05 38.09 38.12 38.16
31.97 32.06 32.14 32.23 32.32 32.40 32.49 32.58 32.67 32.76 32.86 32.95 33.05 33.14 33.24 33.35 33.49 33.62 33.75 33.88 34.00 34.12 34.23 34.33 34.42 34.51 34.60 34.66 34.73 34.78 34.83 34.88 34.91 34.97 35.04 35.13 35.20 35.29 35.37 35.44 35.52 35.58 35.65 35.72 35.78 35.84 35.90 35.96 36.02 36.09 36.12 36.06 36.33 36.43 36.55 36.68 36.80 36.92 37.06 37.18 37.29 37.40 37.51 37.60 37.69 37.77 37.85 37.61 37.91 37.75 37.75 37.77 38.17 38.22 37.85 38.19 38.21
32.05 32.14 32.22 32.31 32.40 32.49 32.58 32.67 32.76 32.85 32.95 33.04 33.13 33.23 33.32 33.44 33.57 33.71 33.84 33.97 34.10 34.22 34.33 34.44 34.54 34.63 34.71 34.78 34.85 34.91 34.96 35.01 35.04 35.10 35.18 35.27 35.36 35.44 35.52 35.60 35.67 35.75 35.82 35.90 35.96 36.03 36.09 36.16 36.23 36.30 36.01 36.13 36.22 36.66 36.78 36.90 37.02 37.14 37.27 37.36 37.50 37.61 37.71 37.72 37.87 37.93 37.88 38.00 38.14 37.85 37.97 37.71 37.85 37.87 37.83 37.91 38.28
32.14 32.22 32.31 32.40 32.48 32.57 32.66 32.75 32.85 32.94 33.03 33.13 33.22 33.32 33.42 33.52 33.66 33.80 33.94 34.07 34.20 34.32 34.44 34.54 34.64 34.74 34.83 34.91 34.98 35.03 35.09 35.14 35.19 35.25 35.33 35.42 35.51 35.59 35.68 35.77 35.84 35.92 36.00 36.07 36.15 36.22 36.29 36.36 36.44 36.28 36.18 36.61 36.30 36.88 37.00 37.12 37.22 37.34 37.38 37.61 37.72 37.83 37.92 38.02 38.10 38.00 37.95 38.04 38.14 38.16 38.09 37.90 37.90 37.97 37.92 38.08 38.02
32.22 32.30 32.39 32.48 32.57 32.66 32.75 32.84 32.93 33.03 33.12 33.21 33.32 33.41 33.51 33.61 33.76 33.89 34.04 34.17 34.30 34.43 34.54 34.66 34.76 34.85 34.95 35.03 35.10 35.17 35.23 35.28 35.33 35.40 35.48 35.58 35.66 35.75 35.85 35.92 36.01 36.09 36.18 36.25 36.34 36.41 36.49 36.56 36.64 36.73 36.82 36.91 36.53 36.73 37.22 37.35 37.44 37.39 37.69 37.83 37.94 38.04 38.14 38.23 38.24 38.16 38.11 38.14 38.39 38.30 38.17 38.20 38.16 38.03 37.90 38.31 38.29
32.30 32.38 32.47 32.56 32.65 32.74 32.84 32.93 33.02 33.12 33.21 33.31 33.40 33.51 33.60 33.71 33.85 34.00 34.13 34.27 34.41 34.54 34.65 34.77 34.88 34.97 35.07 35.15 35.24 35.30 35.38 35.43 35.48 35.54 35.64 35.73 35.82 35.92 36.01 36.09 36.18 36.27 36.36 36.43 36.53 36.60 36.69 36.77 36.85 36.94 37.03 37.13 37.23 37.33 37.45 37.57 37.58 37.55 37.76 37.97 38.15 38.27 38.36 38.44 38.42 38.28 38.34 38.21 38.44 38.49 38.29 38.33 38.24 38.00 38.20 38.36 38.48
32.38 32.46 32.55 32.64 32.74 32.83 32.91 33.01 33.10 33.21 33.30 33.40 33.50 33.59 33.70 33.81 33.95 34.10 34.24 34.38 34.52 34.65 34.77 34.89 35.00 35.10 35.19 35.29 35.37 35.44 35.52 35.58 35.64 35.70 35.79 35.89 35.98 36.08 36.18 36.26 36.36 36.46 36.54 36.62 36.72 36.80 36.88 36.97 37.06 37.15 37.24 37.34 37.45 37.45 37.66 37.78 37.85 37.90 37.60 38.10 38.19 38.49 38.44 38.56 38.49 38.28 38.36 38.43 38.64 38.69 38.67 38.51 38.11 38.11 38.35 38.54 38.56
32.46 32.54 32.63 32.73 32.81 32.90 33.00 33.09 33.19 33.29 33.38 33.49 33.59 33.69 33.79 33.91 34.05 34.20 34.34 34.49 34.63 34.76 34.88 35.00 35.11 35.22 35.33 35.42 35.51 35.58 35.66 35.73 35.80 35.85 35.95 36.05 36.15 36.24 36.35 36.45 36.54 36.63 36.72 36.82 36.91 36.99 37.08 37.17 37.27 37.36 37.46 37.44 37.48 37.73 37.63 37.96 37.93 38.03 37.84 37.47 38.44 38.66 38.33 38.57 38.21 38.35 38.46 38.77 38.62 38.79 38.84 38.44 38.32 38.43 38.51 38.47 38.71
32.54 32.62 32.72 32.80 32.89 32.99 33.08 33.18 33.28 33.38 33.48 33.57 33.67 33.79 33.89 34.01 34.15 34.31 34.46 34.60 34.74 34.87 35.01 35.13 35.24 35.36 35.46 35.55 35.64 35.74 35.81 35.89 35.96 36.02 36.11 36.21 36.32 36.42 36.52 36.62 36.72 36.63 36.83 37.01 37.10 37.19 37.29 37.38 37.48 37.31 37.67 37.30 37.48 37.75 37.76 38.12 38.03 37.67 38.00 37.96 38.64 38.78 38.96 38.16 38.26 38.35 38.19 38.90 38.95 38.51 38.61 38.39 38.53 38.54 38.64 38.61 38.73
32.61 32.71 32.79 32.88 32.98 33.07 33.17 33.26 33.36 33.47 33.56 33.67 33.77 33.87 33.99 34.11 34.26 34.42 34.56 34.71 34.86 34.99 35.12 35.25 35.37 35.48 35.59 35.69 35.78 35.88 35.96 36.04 36.12 36.19 36.27 36.38 36.48 36.59 36.69 36.80 36.90 36.96 37.01 37.19 37.30 37.39 37.49 37.58 37.26 37.77 37.87 37.86 37.62 37.70 37.87 38.22 37.77 37.67 38.15 38.33 38.15 38.83 38.93 38.82 38.11 38.14 38.90 39.07 39.02 38.98 38.38 38.47 38.70 38.67 38.69 38.75 38.78
32.69 32.78 32.87 32.95 33.05 33.15 33.24 33.34 33.44 33.54 33.65 33.75 33.85 33.96 34.07 34.22 34.38 34.53 34.68 34.83 34.98 35.12 35.24 35.37 35.49 35.61 35.72 35.83 35.92 36.02 36.12 36.19 36.28 36.35 36.43 36.54 36.65 36.76 36.86 36.97 37.08 37.18 37.25 37.39 37.49 37.58 37.68 37.77 37.87 37.92 37.80 37.68 37.52 37.63 37.82 38.18 38.00 37.80 38.00 38.43 38.66 38.98 39.15 39.01 38.97 38.67 39.16 39.12 39.14 38.74 38.59 38.70 38.89 38.87 38.74 38.82 38.67
32.76 32.85 32.94 33.04 33.13 33.22 33.32 33.42 33.52 33.62 33.73 33.83 33.95 34.05 34.17 34.33 34.49 34.65 34.80 34.95 35.09 35.23 35.37 35.50 35.62 35.74 35.85 35.96 36.07 36.17 36.26 36.35 36.44 36.52 36.60 36.71 36.82 36.94 37.04 37.15 37.26 37.37 37.24 37.57 37.65 37.77 37.88 37.97 38.06 38.16 38.07 37.74 37.57 37.73 37.78 37.91 38.01 38.17 38.29 38.49 38.73 39.12 39.29 39.20 39.20 39.07 39.28 39.21 39.14 38.70 38.91 38.92 38.84 38.92 38.90 38.88 39.00
32.83 32.92 33.01 33.11 33.21 33.29 33.39 33.50 33.60 33.70 33.81 33.92 34.03 34.14 34.28 34.44 34.60 34.76 34.91 35.06 35.21 35.35 35.49 35.63 35.75 35.88 36.00 36.10 36.21 36.31 36.42 36.51 36.42 36.62 36.78 36.87 36.99 37.10 37.22 37.32 37.44 37.54 37.58 37.76 37.52 37.52 38.07 38.17 38.26 38.35 38.45 37.69 37.67 37.79 37.91 38.20 38.35 38.56 38.76 38.93 39.13 39.23 38.47 39.45 39.41 39.39 39.40 39.36 38.79 38.86 38.79 39.00 38.94 38.78 38.84 39.03 39.05
32.90 32.99 33.08 33.18 33.27 33.37 33.47 33.57 33.68 33.78 33.89 33.99 34.11 34.23 34.37 34.54 34.71 34.87 35.03 35.18 35.33 35.47 35.62 35.76 35.88 36.01 36.13 36.25 36.35 36.47 36.56 36.66 36.68 36.85 36.95 37.04 36.91 37.26 37.39 37.42 37.62 37.61 37.80 37.94 37.58 37.26 38.25 38.35 38.07 38.54 38.59 38.31 37.54 38.03 38.34 38.45 38.38 38.63 38.90 39.04 39.06 38.53 38.94 38.50 39.56 39.53 39.35 39.49 39.34 38.94 38.85 38.94 38.96 39.01 39.04 39.25 39.20
32.96 33.06 33.15 33.24 33.34 33.44 33.54 33.65 33.75 33.86 33.97 34.07 34.19 34.31 34.48 34.65 34.82 34.98 35.14 35.30 35.45 35.59 35.74 35.88 36.01 36.14 36.27 36.39 36.50 36.61 36.72 36.76 36.63 36.89 37.11 36.86 37.20 37.25 37.29 37.22 37.16 37.46 38.00 38.00 37.37 37.39 38.43 38.53 38.33 38.47 38.43 38.69 37.90 38.29 38.42 38.47 38.65 38.70 38.68 38.98 38.94 38.83 38.51 38.66 39.64 39.42 39.49 39.62 39.05 39.30 39.05 38.96 39.09 39.15 39.31 39.25 39.15
33.03 33.12 33.21 33.31 33.41 33.50 33.61 33.71 33.82 33.92 34.04 34.15 34.27 34.42 34.58 34.76 34.92 35.09 35.25 35.41 35.56 35.72 35.87 36.01 36.14 36.27 36.40 36.52 36.64 36.75 36.87 36.98 37.04 37.18 37.23 37.38 37.14 37.43 37.55 37.33 37.72 37.99 38.19 38.01 37.76 37.15 37.47 38.70 38.77 38.64 38.40 38.16 38.11 38.40 38.34 38.58 38.57 38.77 38.73 38.56 38.89 38.97 38.75 39.58 39.20 39.64 39.54 39.70 39.68 39.72 39.17 39.09 39.30 39.26 39.24 38.98 39.27
33.09 33.17 33.27 33.37 33.47 33.58 33.68 33.79 33.89 34.00 34.11 34.22 34.35 34.52 34.69 34.86 35.03 35.20 35.37 35.53 35.68 35.84 35.99 36.14 36.27 36.40 36.54 36.66 36.78 36.90 37.01 37.12 37.23 37.19 37.27 37.36 37.14 37.35 37.09 37.41 37.76 38.07 38.23 38.09 38.03 37.62 37.79 38.09 38.86 38.82 38.63 38.30 38.19 38.56 38.19 38.55 38.66 38.79 38.28 38.91 38.93 38.81 39.17 39.71 39.72 39.70 39.19 39.43 39.79 39.83 39.08 39.14 39.15 39.34 39.07 39.10 39.25
33.15 33.24 33.33 33.43 33.54 33.64 33.74 33.85 33.96 34.07 34.18 34.30 34.45 34.61 34.79 34.97 35.14 35.31 35.48 35.64 35.81 35.96 36.12 36.26 36.40 36.53 36.67 36.80 36.92 37.04 37.16 37.28 37.32 37.30 37.11 37.49 37.26 37.23 37.29 37.33 37.70 38.09 38.33 38.05 37.67 37.54 37.68 37.68 38.43 38.76 38.60 38.25 38.36 38.61 38.36 37.99 38.65 38.57 38.48 38.61 38.64 38.99 38.85 39.49 39.86 39.91 39.33 39.36 39.73 39.06 39.81 39.20 39.02 39.25 39.23 39.37 39.53
33.21 33.30 33.39 33.49 33.60 33.70 33.81 33.91 34.02 34.13 34.24 34.37 34.53 34.71 34.89 35.07 35.25 35.42 35.60 35.76 35.93 36.08 36.24 36.39 36.53 36.67 36.80 36.94 37.07 37.18 37.31 37.42 37.54 37.57 37.38 37.18 37.18 37.01 37.20 37.49 37.58 37.85 38.10 38.13 37.95 37.58 37.76 38.58 38.62 38.52 38.38 38.28 38.34 38.62 38.40 38.44 38.57 38.89 39.07 39.13 39.32 39.57 39.72 39.84 39.99 40.00 39.28 39.68 39.88 39.30 39.70 39.42 39.53 39.11 39.38 39.58 39.51
33.26 33.36 33.45 33.55 33.66 33.76 33.87 33.98 34.08 34.20 34.32 34.45 34.62 34.81 34.99 35.18 35.35 35.53 35.71 35.87 36.04 36.21 36.36 36.51 36.66 36.80 36.94 37.08 37.21 37.33 37.45 37.57 37.68 37.76 37.86 37.18 37.18 37.26 37.20 37.49 37.43 37.80 37.91 38.23 38.16 37.89 38.04 37.88 38.31 38.45 38.14 38.17 38.45 38.61 38.53 38.61 38.59 38.96 38.64 39.03 39.31 39.46 39.81 39.91 39.95 40.08 39.46 39.54 39.71 39.17 39.37 39.04 39.41 39.49 39.01 39.56 39.60
33.32 33.42 33.52 33.61 33.72 33.82 33.93 34.04 34.15 34.26 34.38 34.53 34.72 34.91 35.09 35.28 35.46 35.64 35.82 35.99 36.16 36.33 36.48 36.64 36.79 36.93 37.07 37.21 37.34 37.47 37.60 37.71 37.84 37.95 38.06 38.18 37.95 37.30 37.53 37.45 37.64 37.89 38.10 38.25 38.10 38.24 37.90 38.04 38.07 38.28 38.12 38.23 38.35 38.70 38.54 38.60 38.84 38.90 38.74 38.96 39.28 39.43 39.76 39.64 40.00 40.13 39.55 39.65 40.06 39.23 39.38 39.14 39.40 39.33 39.08 39.68 39.75
33.39 33.48 33.58 33.68 33.78 33.88 33.99 34.10 34.21 34.33 34.46 34.62 34.80 35.00 35.19 35.38 35.56 35.74 35.93 36.11 36.28 36.45 36.61 36.77 36.88 37.06 37.21 37.35 37.48 37.61 37.74 37.85 37.98 38.03 38.21 38.02 37.29 38.45 37.49 38.62 37.76 37.96 38.04 38.22 38.32 38.09 37.83 38.07 38.14 38.09 38.06 38.39 38.65 38.63 38.53 38.72 38.92 38.82 39.03 39.07 38.90 39.50 39.80 39.18 39.85 40.09 39.62 39.71 39.84 39.56 39.30 39.47 39.47 39.18 39.17 39.47 39.96
33.46 33.55 33.65 33.74 33.85 33.95 34.06 34.17 34.28 34.40 34.53 34.70 34.90 35.09 35.29 35.48 35.66 35.84 36.03 36.22 36.39 36.56 36.73 36.89 37.04 37.19 37.34 37.35 37.62 37.75 37.75 37.99 38.12 38.24 38.35 38.25 38.27 37.90 38.71 38.53 38.06 37.80 38.03 38.25 38.39 38.41 37.97 38.34 38.17 38.17 38.50 38.61 38.61 38.60 38.82 38.94 38.91 38.81 38.94 39.01 38.95 39.42 39.63 39.34 39.77 40.14 39.67 39.88 39.86 39.59 39.33 39.37 39.29 39.50 39.47 39.72 39.93
33.53 33.63 33.72 33.82 33.92 34.02 34.13 34.24 34.36 34.48 34.60 34.78 34.98 35.19 35.38 35.57 35.77 35.96 36.14 36.32 36.50 36.68 36.85 37.02 37.17 37.33 37.48 37.62 37.35 37.89 37.61 38.14 38.21 38.38 38.49 38.61 38.73 38.45 37.83 37.67 37.79 37.88 38.14 38.46 38.23 38.39 38.25 38.18 38.22 38.32 38.57 38.68 38.82 38.67 38.83 39.05 38.84 38.83 38.90 39.05 39.17 39.35 39.34 39.58 40.21 40.24 39.81 39.63 39.79 39.65 39.65 39.47 39.62 39.49 39.98 40.12 39.86
