Australia Fires/2019120120191231 (1).grid
ncols 886
nrows 691
xllcenter 112.0000
yllcenter -44.5000
cellsize 0.0500
nodata_value 99999.90
[rows 442 to 475 of 691, columns 77 to 153 of 886]
31.16 31.64 32.16 32.56 31.80 32.02 32.50 32.76 32.68 32.97 33.84 33.94 34.03 34.57 34.36 34.67 34.88 35.39 35.77 35.30 35.96 36.17 36.21 36.20 36.20 36.14 36.22 36.36 36.28 36.46 36.53 36.58 36.50 36.33 36.37 36.30 36.38 36.36 36.26 36.17 36.51 36.61 36.59 36.57 36.66 36.94 37.09 37.05 37.14 37.11 37.30 37.25 37.22 37.31 37.36 37.39 37.26 37.29 37.41 37.25 37.38 37.18 37.02 37.11 37.05 37.07 37.22 37.13 36.90 36.65 36.69 36.65 36.67 36.54 36.58 36.58 36.45
31.25 31.71 32.15 32.44 32.00 31.88 32.74 32.86 33.01 33.07 33.85 34.06 33.90 34.23 34.65 34.91 35.04 35.32 35.28 35.70 35.81 35.86 36.35 36.12 36.24 36.21 36.19 36.35 36.25 36.40 36.47 36.42 36.27 36.33 36.18 36.22 36.34 36.19 36.14 36.10 36.04 36.26 36.47 36.64 36.70 36.73 36.94 37.02 36.97 37.16 37.03 37.12 36.89 37.13 37.26 37.26 37.33 37.28 37.20 37.08 37.26 37.29 37.29 37.21 37.06 37.14 37.26 37.12 36.95 36.76 36.71 36.68 36.51 36.58 36.63 36.68 36.54
31.37 31.71 32.12 32.44 32.48 32.01 32.32 32.58 33.05 33.25 33.42 33.84 34.18 34.21 34.38 34.68 34.65 34.99 35.37 35.52 35.94 35.78 36.20 36.21 36.23 36.08 36.16 36.16 36.35 36.37 36.38 36.29 36.36 36.36 36.35 36.24 36.29 36.22 36.28 36.15 36.03 36.33 36.47 36.60 36.72 36.81 36.82 36.48 36.78 37.05 36.94 36.91 36.80 37.03 37.18 37.15 37.17 37.13 37.22 37.23 36.99 37.04 37.12 36.98 37.01 37.17 37.22 37.00 36.92 36.77 36.85 36.70 36.59 36.49 36.46 36.51 36.59
31.47 31.80 32.16 32.35 31.81 32.22 32.21 33.22 33.13 33.20 33.10 33.56 33.93 34.04 34.01 34.67 34.74 35.10 35.29 35.72 35.76 35.70 35.95 36.09 36.17 35.97 36.21 36.16 36.19 36.23 36.16 36.15 36.08 36.18 36.11 36.10 36.17 36.06 36.03 36.08 35.96 36.10 36.31 36.42 36.46 36.70 36.75 36.68 36.68 36.89 36.94 36.91 36.83 36.85 37.01 37.10 37.00 36.94 36.82 36.96 36.94 36.93 37.04 36.98 37.15 37.11 37.14 36.80 36.99 36.69 36.83 36.76 36.62 36.47 36.35 36.34 36.34
31.49 31.87 32.19 32.35 31.80 31.87 32.35 32.42 32.90 33.26 33.21 33.42 33.72 33.96 34.34 34.70 34.96 35.05 35.20 35.58 35.52 35.67 35.86 35.96 35.65 35.98 36.05 36.08 36.03 36.08 36.06 35.82 35.81 35.93 35.86 36.08 36.08 35.92 35.85 35.82 35.75 36.03 36.25 36.39 36.54 36.61 36.49 36.51 36.55 36.57 36.79 36.88 36.83 36.76 36.70 36.88 36.87 36.86 36.94 36.88 37.13 36.93 36.98 36.94 36.92 37.16 36.94 36.98 36.84 36.82 36.78 36.67 36.63 36.39 36.28 36.42 36.24
31.54 31.85 32.19 32.29 32.14 32.26 32.33 32.62 31.98 32.92 33.35 33.50 33.76 34.06 34.44 34.61 34.67 34.63 34.74 35.41 35.31 35.30 35.42 35.79 35.68 35.72 35.72 35.75 35.86 35.95 35.92 35.93 35.88 35.78 35.79 35.84 35.90 35.84 35.90 35.81 35.83 35.94 36.06 36.24 36.41 36.41 36.50 36.56 36.50 36.45 36.49 36.52 36.59 36.52 36.82 36.96 36.85 36.74 36.97 37.12 37.15 36.95 37.06 36.85 36.87 37.09 37.04 36.99 36.86 36.69 36.50 36.48 36.38 36.38 36.35 36.37 36.26
31.55 31.84 32.12 32.17 31.77 32.48 32.70 32.63 32.66 32.42 33.16 33.30 33.35 33.60 34.00 34.25 34.32 34.75 34.87 35.07 35.23 35.05 35.03 35.48 35.52 35.28 35.40 35.58 35.61 35.76 35.69 35.80 35.81 35.82 35.54 35.57 35.64 35.70 35.69 35.57 35.74 35.85 35.82 36.07 36.28 36.40 36.47 36.49 36.51 36.52 36.45 36.48 36.53 36.59 36.84 36.92 36.81 36.70 36.99 37.10 37.18 37.18 36.93 36.91 36.98 37.00 36.66 36.62 36.52 36.59 36.67 36.56 36.54 36.37 36.24 36.40 36.19
31.54 31.84 32.12 32.07 31.88 32.09 32.48 32.40 33.08 32.65 32.98 33.66 33.63 33.42 33.99 34.16 34.19 34.28 34.50 35.02 34.94 35.09 35.01 35.13 35.39 35.15 35.15 35.36 35.44 35.57 35.46 35.36 35.67 35.74 35.67 35.70 35.63 35.53 35.65 35.70 35.66 35.65 35.78 35.94 36.14 36.27 36.24 36.45 36.46 36.40 36.16 36.51 36.56 36.51 36.74 36.89 36.72 36.77 36.93 37.04 37.07 36.93 37.11 37.01 37.00 36.88 36.82 36.78 36.55 36.72 36.57 36.50 36.58 36.46 36.39 36.29 36.16
31.55 31.86 32.11 31.81 31.97 32.15 32.53 32.63 32.79 32.94 33.02 33.33 33.30 33.47 33.59 33.94 34.15 34.45 34.35 34.79 34.83 34.82 34.75 34.88 35.05 35.04 34.84 34.97 34.86 35.23 35.26 35.30 35.41 35.58 35.64 35.50 35.55 35.49 35.70 35.67 35.64 35.55 35.62 35.71 36.02 36.09 36.27 36.35 36.38 36.34 36.24 36.53 36.42 36.56 36.52 36.78 36.81 36.79 36.86 36.91 36.85 36.91 36.75 36.79 36.85 36.60 36.73 36.62 36.67 36.63 36.59 36.42 36.13 36.23 36.08 36.03 35.80
31.61 31.91 32.14 31.73 31.74 32.13 32.16 32.64 32.90 32.47 33.09 33.37 33.49 33.66 33.98 33.95 33.80 34.23 34.53 34.58 34.58 34.61 34.64 34.55 34.77 34.71 34.78 34.92 34.91 34.73 34.76 35.11 35.28 35.42 35.42 35.53 35.51 35.61 35.58 35.51 35.47 35.33 35.58 35.69 35.74 36.05 36.00 36.10 36.29 36.22 36.31 36.40 36.49 36.57 36.59 36.46 36.52 36.51 36.61 36.52 36.60 36.68 36.61 36.40 36.55 36.63 36.37 36.29 36.42 36.38 36.45 36.38 36.35 36.22 35.97 35.91 35.70
31.67 31.96 32.21 31.64 31.92 31.94 32.31 32.47 32.68 32.73 33.07 33.35 33.52 33.53 33.84 34.02 34.03 34.18 34.60 34.42 34.67 34.57 34.49 34.74 34.83 34.77 34.69 34.48 34.54 34.59 34.61 34.85 35.04 35.14 35.19 35.41 35.44 35.34 35.37 35.42 35.40 35.28 35.47 35.68 35.77 35.79 35.77 35.96 36.12 36.17 36.25 36.30 36.36 36.34 36.28 36.24 36.24 36.19 36.36 36.47 36.39 36.39 36.19 36.11 36.40 36.45 36.19 36.12 36.19 36.01 36.21 36.25 36.19 36.10 35.94 35.88 35.76
31.69 31.98 32.11 31.49 31.98 32.05 32.33 32.52 33.08 32.91 32.92 33.41 33.48 33.81 34.07 34.26 34.27 34.37 34.47 34.54 34.67 34.58 34.74 34.66 34.43 34.67 34.58 34.55 34.57 34.47 34.69 34.76 34.87 35.06 35.18 35.19 35.33 35.38 35.34 35.30 35.16 35.37 35.50 35.60 35.65 35.60 35.62 35.73 36.07 36.13 36.16 36.20 36.13 36.10 36.03 36.10 36.17 36.19 36.07 36.13 36.14 36.05 36.04 35.93 36.15 36.26 36.20 35.93 35.90 36.09 36.14 36.12 36.03 36.00 35.81 35.65 35.51
31.71 31.99 32.15 31.94 31.72 31.82 32.34 32.53 32.65 32.66 32.67 33.24 33.44 33.68 33.95 33.57 34.24 34.37 34.25 34.58 34.50 34.51 34.56 34.29 34.19 34.25 34.57 34.49 34.57 34.53 34.31 34.61 34.82 34.78 35.03 34.98 35.17 35.17 35.26 35.28 35.28 35.10 35.30 35.40 35.44 35.40 35.60 35.79 35.91 35.94 36.00 36.08 35.97 36.14 36.02 36.12 36.18 36.00 36.07 36.15 35.99 35.93 35.80 35.88 36.03 35.96 35.97 35.90 35.83 35.97 35.97 35.91 35.77 35.65 35.60 35.60 35.44
31.73 32.02 31.97 31.39 32.18 32.52 32.36 32.31 32.62 32.99 33.02 33.37 33.63 34.00 34.05 33.82 34.19 34.40 34.52 34.50 34.12 34.16 34.08 34.21 34.01 34.08 34.34 34.43 34.37 34.34 34.28 34.31 34.64 34.65 34.86 34.96 34.89 34.90 35.16 35.21 35.21 35.19 35.11 35.13 35.22 35.44 35.54 35.64 35.71 35.78 35.89 35.94 36.01 36.03 36.09 36.12 35.83 36.06 36.13 35.98 35.98 35.85 35.74 35.64 35.73 35.61 35.68 35.63 35.68 35.70 35.83 35.72 35.68 35.67 35.45 35.41 35.35
31.77 32.01 32.06 31.57 31.42 32.36 32.31 32.49 32.72 32.80 33.33 33.56 33.85 33.92 34.00 34.08 34.23 34.15 34.40 34.17 34.28 34.25 34.18 34.12 34.19 34.13 34.04 34.11 34.23 34.23 34.25 34.33 34.33 34.50 34.63 34.75 34.85 34.76 34.99 34.97 35.12 34.91 35.03 35.11 35.27 35.31 35.39 35.37 35.57 35.60 35.73 35.72 35.80 35.86 35.86 35.97 35.98 35.89 35.88 35.87 35.86 35.74 35.65 35.50 35.39 35.58 35.58 35.59 35.43 35.59 35.54 35.66 35.62 35.53 35.50 35.44 35.32
31.82 32.03 32.12 31.84 31.74 32.21 32.62 32.48 32.51 32.62 33.06 33.59 33.29 33.68 33.63 33.91 34.18 33.82 33.97 34.10 34.24 34.22 34.17 34.04 33.68 33.91 33.92 33.92 34.15 34.23 34.02 34.08 34.28 34.40 34.61 34.72 34.79 34.81 34.74 34.79 34.82 34.99 34.90 34.99 35.16 35.03 35.10 35.20 35.42 35.44 35.43 35.46 35.62 35.63 35.79 35.74 35.81 35.87 35.71 35.61 35.68 35.64 35.71 35.62 35.35 35.37 35.56 35.56 35.32 35.36 35.47 35.47 35.31 35.42 35.33 35.13 34.91
31.87 32.09 31.74 31.41 31.87 31.94 32.21 32.15 32.83 33.00 32.79 33.25 33.28 33.62 33.69 33.54 33.98 33.99 34.08 33.90 33.95 34.02 33.86 33.82 33.89 33.86 33.68 33.77 33.76 34.00 34.19 34.36 34.21 34.38 34.51 34.61 34.70 34.73 34.78 34.72 34.71 34.65 34.59 34.72 34.88 34.77 35.10 35.04 35.15 35.13 35.21 35.34 35.25 35.49 35.61 35.42 35.62 35.69 35.67 35.62 35.65 35.57 35.48 35.36 35.42 35.37 35.41 35.28 35.12 35.19 35.19 35.21 35.18 35.21 35.18 35.12 34.93
31.92 32.12 31.63 31.53 31.52 31.97 32.26 32.47 32.65 33.34 32.94 33.68 32.63 33.31 33.51 33.58 33.76 33.78 33.98 33.92 33.84 33.94 34.01 33.77 33.72 33.66 33.60 33.89 34.00 34.09 34.18 34.34 34.18 34.43 34.58 34.61 34.56 34.41 34.64 34.51 34.65 34.72 34.68 34.72 34.75 34.81 34.74 34.95 34.83 35.17 35.30 35.37 35.40 35.46 35.42 35.25 35.35 35.34 35.47 35.50 35.53 35.51 35.29 35.24 35.28 35.39 35.35 35.14 35.15 34.96 34.94 34.97 34.97 34.96 35.05 34.93 34.90
31.98 32.14 31.79 31.67 31.71 32.18 32.03 32.66 33.26 33.28 32.86 33.48 33.69 33.33 33.44 33.40 33.63 33.51 33.47 33.59 33.92 33.91 34.01 33.98 33.74 33.72 33.65 33.96 34.08 34.18 34.17 34.31 34.39 34.47 34.50 34.37 34.42 34.48 34.54 34.51 34.70 34.72 34.78 34.76 34.57 34.69 34.64 34.76 34.77 34.93 35.12 35.19 35.29 35.32 35.36 35.24 35.07 35.13 35.07 35.15 35.34 35.36 35.32 35.22 35.31 35.20 35.16 35.04 35.02 34.88 34.76 34.60 34.66 34.87 34.84 34.65 34.72
32.01 32.22 31.82 31.84 32.14 32.30 32.36 32.44 32.76 33.06 33.30 33.19 33.02 33.60 33.86 33.73 33.75 33.63 33.53 33.65 33.87 33.90 33.64 33.82 33.78 33.70 33.78 33.94 34.08 34.19 34.22 34.28 34.27 34.25 34.29 34.32 34.14 34.11 34.43 34.28 34.61 34.68 34.58 34.51 34.71 34.60 34.48 34.72 34.89 34.82 35.07 35.11 35.07 34.98 35.10 35.15 35.07 35.04 34.90 35.06 35.08 35.15 35.17 35.15 35.03 34.93 35.01 34.70 34.72 34.61 34.56 34.66 34.68 34.71 34.67 34.58 34.53
32.07 32.26 32.19 32.17 32.59 32.48 32.44 32.59 32.76 32.83 33.04 33.31 33.18 33.37 33.64 33.27 33.79 33.94 33.84 33.73 33.74 33.73 33.78 33.75 33.71 33.67 33.78 33.59 34.07 34.15 34.00 34.03 34.11 34.00 34.04 34.09 34.08 34.13 34.34 34.49 34.54 34.67 34.62 34.65 34.58 34.43 34.31 34.53 34.63 34.80 34.83 34.97 34.96 34.77 34.90 35.06 34.96 34.93 34.72 34.75 34.92 34.92 34.87 34.91 34.96 34.92 34.77 34.63 34.54 34.62 34.55 34.33 34.43 34.42 34.50 34.44 34.37
32.13 32.00 31.97 32.18 32.30 32.52 32.75 32.90 32.88 33.07 32.97 32.93 32.99 33.23 33.63 33.29 33.39 33.42 33.45 33.75 33.65 33.54 33.62 33.76 33.83 33.82 33.84 33.95 34.05 33.88 33.91 34.02 34.08 33.93 34.08 34.00 34.05 34.18 34.17 34.39 34.49 34.60 34.64 34.62 34.51 34.55 34.42 34.31 34.53 34.70 34.81 34.84 34.79 34.79 34.61 34.86 34.83 34.64 34.65 34.65 34.63 34.63 34.62 34.70 34.79 34.74 34.73 34.68 34.59 34.38 34.39 34.24 34.34 34.32 34.19 34.27 34.26
32.16 32.00 31.58 32.07 32.21 32.51 32.82 32.87 32.97 33.01 33.16 33.17 33.29 32.99 33.25 33.47 33.39 33.50 33.54 33.48 33.72 33.71 33.45 33.69 33.80 33.90 33.90 33.88 33.95 33.93 33.85 34.10 33.94 34.08 34.14 34.11 34.13 34.19 34.34 34.32 34.39 34.52 34.41 34.27 34.39 34.31 34.27 34.28 34.55 34.53 34.67 34.70 34.63 34.52 34.46 34.65 34.67 34.53 34.62 34.59 34.50 34.36 34.42 34.44 34.58 34.57 34.46 34.47 34.42 34.25 34.21 33.97 34.05 34.04 34.04 34.08 33.97
32.14 32.08 32.47 32.09 32.31 32.42 32.76 32.78 32.99 33.15 33.32 33.34 32.97 32.99 33.03 33.21 33.46 33.60 33.69 33.67 33.75 33.72 33.62 33.87 33.86 33.84 33.83 33.89 33.90 33.78 33.96 33.86 34.12 34.23 34.13 34.23 34.20 34.19 34.14 34.28 34.43 34.39 34.36 34.19 34.23 34.33 34.31 34.25 34.12 34.47 34.53 34.56 34.55 34.53 34.42 34.41 34.45 34.52 34.50 34.24 34.23 34.21 34.29 34.44 34.44 34.39 34.22 34.15 34.21 34.12 33.91 33.95 33.79 33.86 33.96 33.88 33.79
31.96 32.07 32.03 32.34 32.66 32.68 33.07 33.08 33.03 33.31 33.24 33.22 32.98 33.10 33.29 33.20 33.20 33.41 33.53 33.72 33.64 33.72 33.64 33.81 33.73 33.67 33.78 33.76 33.56 33.90 34.07 34.15 34.19 34.23 34.14 34.16 34.22 34.20 34.18 33.99 34.28 34.30 34.17 34.17 34.21 34.26 34.19 34.06 34.00 34.23 34.34 34.42 34.44 34.36 34.28 34.20 34.26 34.27 34.37 34.21 34.25 34.15 34.06 34.14 34.24 34.23 34.18 34.03 33.84 33.92 33.90 33.78 33.68 33.67 33.65 33.69 33.66
32.11 32.30 32.09 32.42 32.84 32.98 33.08 33.14 33.15 33.22 33.21 32.99 33.10 33.33 33.28 33.28 33.22 33.33 33.31 33.63 33.71 33.49 33.69 33.60 33.63 33.54 33.59 33.58 33.62 33.95 34.01 33.93 34.03 34.13 33.96 34.15 34.17 34.19 34.12 34.18 34.22 34.15 34.14 34.01 34.17 34.09 33.95 33.99 33.74 33.85 34.03 34.13 34.28 34.19 34.13 33.99 33.94 34.12 34.14 34.19 34.17 34.11 34.04 33.91 34.07 33.99 34.04 33.91 33.80 33.78 33.56 33.61 33.61 33.53 33.44 33.46 33.31
31.87 31.51 32.14 32.65 32.62 32.71 33.03 33.28 33.21 33.19 33.28 33.21 33.13 33.18 33.37 33.28 33.23 33.31 33.39 33.51 33.56 33.67 33.58 33.62 33.42 33.42 33.58 33.63 33.76 33.90 33.92 33.99 34.00 33.99 33.70 34.00 34.06 34.03 34.14 34.12 34.09 33.97 34.00 34.02 34.00 34.01 33.90 33.87 33.85 33.95 33.99 34.07 34.14 34.10 34.06 33.93 33.82 33.85 33.89 34.00 33.92 33.85 33.92 33.77 33.76 33.72 33.83 33.81 33.74 33.61 33.50 33.54 33.52 33.41 33.28 33.21 33.08
32.25 32.33 32.22 32.21 32.66 32.40 32.69 33.14 33.17 33.05 33.22 33.11 33.20 33.30 33.28 33.21 33.29 33.33 33.44 33.56 33.46 33.49 33.62 33.60 33.53 33.45 33.56 33.59 33.76 33.81 33.80 33.80 33.73 33.82 33.63 33.58 33.92 33.85 34.03 33.92 33.70 33.88 33.88 33.73 33.78 33.86 33.85 33.76 33.64 33.78 33.86 33.88 33.98 33.98 33.92 33.70 33.62 33.58 33.76 33.77 33.80 33.67 33.68 33.62 33.46 33.66 33.67 33.63 33.57 33.51 33.48 33.43 33.30 33.22 33.14 32.93 32.94
32.13 31.81 32.26 32.29 32.47 32.88 32.71 32.80 33.09 33.15 33.07 33.05 33.22 33.09 33.11 33.08 33.20 33.19 33.27 33.46 33.56 33.58 33.60 33.63 33.66 33.68 33.49 33.66 33.78 33.65 33.74 33.74 33.74 33.58 33.62 33.55 33.73 33.81 33.88 33.80 33.69 33.64 33.45 33.56 33.50 33.53 33.53 33.55 33.43 33.66 33.68 33.82 33.83 33.87 33.73 33.67 33.54 33.43 33.52 33.56 33.51 33.52 33.39 33.42 33.32 33.44 33.48 33.43 33.35 33.31 33.17 33.04 33.10 33.05 32.99 32.85 32.80
32.47 32.57 32.49 32.66 32.87 32.86 33.03 32.81 32.94 33.14 33.11 32.93 32.92 33.06 33.13 33.05 33.15 33.34 33.38 33.47 33.21 33.40 33.42 33.27 33.32 33.52 33.52 33.60 33.63 33.62 33.55 33.49 33.54 33.52 33.49 33.46 33.60 33.73 33.74 33.60 33.59 33.28 33.30 33.47 33.41 33.44 33.41 33.36 33.35 33.44 33.51 33.64 33.67 33.63 33.56 33.48 33.33 33.34 33.32 33.18 33.22 33.23 33.20 33.18 33.21 33.29 33.29 33.25 33.06 33.16 33.10 33.03 32.83 32.86 32.74 32.75 32.70
32.39 32.55 32.54 32.48 32.16 32.44 32.67 32.73 32.86 32.93 33.04 33.03 32.98 32.96 33.15 32.97 32.83 33.18 33.33 33.37 33.37 33.32 33.22 33.34 33.35 33.44 33.42 33.22 33.36 33.26 33.27 33.41 33.37 33.47 33.28 33.44 33.53 33.63 33.62 33.41 33.39 33.29 33.34 33.41 33.29 33.32 33.19 33.27 33.16 33.25 33.32 33.42 33.45 33.48 33.45 33.40 33.32 33.29 33.18 33.18 33.16 33.11 32.97 32.78 32.99 33.04 33.01 33.08 32.95 32.77 32.89 32.92 32.90 32.73 32.68 32.62 32.61
31.89 31.80 31.82 32.17 32.08 32.43 32.44 32.57 32.74 32.86 32.80 32.89 32.98 33.10 33.10 32.76 32.95 33.11 33.07 33.20 33.25 33.09 33.12 33.21 33.20 33.28 33.28 33.32 33.33 33.34 33.28 33.29 33.15 33.28 33.25 33.30 33.40 33.44 33.47 33.34 33.14 33.30 33.38 33.23 33.16 33.20 33.11 33.20 33.20 33.10 33.09 33.05 33.20 33.27 33.30 33.23 33.23 33.11 33.17 33.14 33.08 33.01 32.91 32.80 32.84 32.88 32.87 32.90 32.74 32.61 32.65 32.66 32.57 32.57 32.54 32.46 32.52
31.59 31.65 31.76 32.10 32.25 32.30 32.43 32.46 32.51 32.60 32.69 32.66 32.80 32.90 33.00 32.80 33.13 33.08 33.15 32.70 33.03 33.06 33.03 33.13 33.14 33.03 33.07 33.05 33.16 33.12 33.17 33.18 33.11 32.97 33.25 33.25 33.31 33.17 33.28 33.27 33.25 33.22 33.15 33.18 33.10 33.12 33.12 32.99 32.94 32.93 32.96 32.88 32.96 33.02 33.07 33.02 33.04 33.05 33.03 32.88 32.74 32.71 32.67 32.53 32.63 32.68 32.69 32.71 32.51 32.36 32.43 32.45 32.46 32.46 32.34 32.27 32.22
31.93 31.38 32.36 32.13 31.98 32.38 32.42 32.35 32.41 32.44 32.46 32.59 32.82 32.66 32.99 32.87 32.75 32.90 32.78 32.73 33.00 32.79 33.01 32.78 32.95 32.94 33.00 32.81 32.89 33.02 33.02 32.90 32.96 32.99 33.03 33.09 33.13 32.98 33.00 33.02 33.05 32.96 32.93 33.05 33.03 32.91 32.76 32.80 32.74 32.66 32.65 32.78 32.83 32.89 32.91 32.85 32.82 32.79 32.81 32.76 32.69 32.64 32.51 32.39 32.37 32.45 32.52 32.55 32.53 32.25 32.20 32.30 32.15 32.25 32.35 32.37 32.29
