Australia Fires/2019120120191231 (1).grid
ncols 886
nrows 691
xllcenter 112.0000
yllcenter -44.5000
cellsize 0.0500
nodata_value 99999.90
[rows 544 to 577 of 691, columns 0 to 76 of 886]
19.16 19.18 19.21 19.24 19.26 19.29 19.32 19.35 19.38 19.41 19.44 19.47 19.49 19.52 19.55 19.58 19.61 19.64 19.66 19.69 19.72 19.75 19.78 19.80 19.83 19.86 19.89 19.93 19.95 19.99 20.03 20.07 20.11 20.14 20.18 20.21 20.25 20.28 20.32 20.36 20.38 20.42 20.46 20.49 20.52 20.56 20.59 20.63 20.65 20.69 20.72 20.75 20.78 20.82 20.84 20.87 20.91 20.93 20.96 20.99 21.01 21.05 21.07 21.10 21.12 21.15 21.16 21.19 21.21 21.24 21.25 21.28 21.29 21.32 21.33 21.36 21.37
19.11 19.13 19.16 19.18 19.20 19.23 19.27 19.30 19.32 19.35 19.38 19.40 19.43 19.47 19.50 19.53 19.55 19.58 19.61 19.64 19.66 19.69 19.72 19.75 19.77 19.80 19.82 19.86 19.89 19.91 19.95 19.99 20.02 20.06 20.10 20.13 20.16 20.20 20.24 20.27 20.30 20.33 20.37 20.41 20.43 20.47 20.50 20.54 20.56 20.60 20.63 20.66 20.69 20.73 20.75 20.78 20.81 20.84 20.87 20.89 20.92 20.95 20.97 21.00 21.02 21.05 21.07 21.09 21.11 21.14 21.15 21.18 21.19 21.22 21.23 21.24 21.27
19.07 19.08 19.11 19.14 19.15 19.18 19.21 19.23 19.26 19.30 19.33 19.35 19.38 19.41 19.43 19.46 19.49 19.52 19.54 19.57 19.60 19.62 19.65 19.68 19.71 19.73 19.76 19.79 19.82 19.84 19.88 19.91 19.94 19.98 20.02 20.04 20.08 20.12 20.15 20.19 20.21 20.25 20.29 20.32 20.35 20.38 20.42 20.45 20.48 20.51 20.54 20.57 20.60 20.63 20.66 20.69 20.71 20.74 20.77 20.80 20.83 20.85 20.88 20.90 20.92 20.95 20.97 21.00 21.01 21.04 21.05 21.07 21.09 21.11 21.13 21.14 21.17
19.02 19.04 19.06 19.09 19.10 19.13 19.16 19.18 19.21 19.24 19.26 19.29 19.32 19.35 19.38 19.41 19.43 19.46 19.49 19.51 19.54 19.57 19.60 19.62 19.65 19.68 19.70 19.73 19.76 19.78 19.81 19.84 19.86 19.90 19.93 19.96 20.00 20.03 20.07 20.11 20.13 20.17 20.20 20.24 20.26 20.30 20.33 20.36 20.39 20.42 20.45 20.48 20.51 20.53 20.56 20.60 20.62 20.65 20.68 20.70 20.73 20.75 20.78 20.80 20.83 20.85 20.87 20.89 20.92 20.93 20.96 20.97 20.99 21.01 21.02 21.04 21.05
18.97 18.99 19.01 19.04 19.06 19.08 19.11 19.12 19.15 19.17 19.21 19.24 19.26 19.29 19.32 19.34 19.37 19.41 19.43 19.46 19.49 19.51 19.54 19.57 19.59 19.62 19.65 19.67 19.70 19.72 19.75 19.78 19.80 19.83 19.85 19.89 19.92 19.95 19.99 20.02 20.05 20.08 20.12 20.15 20.17 20.21 20.24 20.27 20.30 20.33 20.36 20.39 20.42 20.44 20.47 20.51 20.53 20.56 20.58 20.61 20.63 20.66 20.69 20.70 20.73 20.75 20.78 20.79 20.82 20.83 20.85 20.87 20.89 20.91 20.92 20.94 20.95
18.92 18.95 18.97 18.99 19.01 19.03 19.05 19.08 19.10 19.12 19.15 19.18 19.20 19.23 19.26 19.29 19.32 19.34 19.37 19.39 19.42 19.45 19.47 19.51 19.54 19.56 19.59 19.61 19.64 19.67 19.69 19.72 19.74 19.76 19.78 19.82 19.84 19.87 19.90 19.94 19.96 20.00 20.03 20.07 20.09 20.12 20.16 20.18 20.21 20.25 20.27 20.30 20.33 20.35 20.38 20.40 20.44 20.47 20.49 20.52 20.54 20.56 20.58 20.61 20.63 20.65 20.67 20.70 20.71 20.74 20.75 20.78 20.79 20.80 20.82 20.84 20.86
18.87 18.90 18.92 18.94 18.96 18.99 19.00 19.03 19.05 19.07 19.10 19.12 19.15 19.17 19.20 19.23 19.25 19.29 19.31 19.34 19.37 19.39 19.42 19.44 19.47 19.49 19.52 19.55 19.57 19.60 19.62 19.65 19.67 19.70 19.72 19.75 19.77 19.80 19.82 19.86 19.88 19.91 19.95 19.97 20.00 20.04 20.06 20.09 20.12 20.15 20.18 20.21 20.23 20.26 20.30 20.32 20.35 20.37 20.39 20.41 20.44 20.47 20.49 20.52 20.53 20.56 20.58 20.60 20.62 20.63 20.66 20.67 20.69 20.70 20.73 20.74 20.75
18.82 18.85 18.87 18.89 18.91 18.94 18.95 18.98 19.01 19.02 19.05 19.06 19.09 19.11 19.14 19.17 19.20 19.23 19.25 19.28 19.30 19.33 19.36 19.39 19.41 19.44 19.46 19.49 19.51 19.54 19.56 19.59 19.61 19.64 19.66 19.69 19.71 19.74 19.76 19.78 19.81 19.83 19.86 19.89 19.92 19.95 19.97 20.01 20.04 20.06 20.09 20.12 20.14 20.17 20.20 20.23 20.26 20.27 20.30 20.32 20.35 20.37 20.40 20.41 20.44 20.46 20.48 20.50 20.52 20.54 20.56 20.57 20.59 20.61 20.62 20.64 20.65
18.77 18.80 18.82 18.84 18.86 18.89 18.90 18.93 18.95 18.97 18.99 19.02 19.04 19.06 19.08 19.11 19.14 19.16 19.19 19.22 19.25 19.27 19.30 19.32 19.35 19.37 19.40 19.43 19.45 19.48 19.50 19.53 19.55 19.58 19.60 19.63 19.65 19.67 19.70 19.72 19.74 19.77 19.79 19.81 19.83 19.87 19.89 19.92 19.94 19.97 20.00 20.03 20.06 20.09 20.11 20.14 20.16 20.18 20.20 20.23 20.26 20.28 20.30 20.32 20.35 20.36 20.38 20.40 20.42 20.44 20.46 20.48 20.49 20.50 20.53 20.54 20.55
18.73 18.75 18.78 18.79 18.81 18.84 18.86 18.88 18.90 18.93 18.94 18.97 18.99 19.01 19.03 19.06 19.08 19.11 19.13 19.16 19.18 19.21 19.24 19.27 19.29 19.32 19.34 19.36 19.39 19.41 19.44 19.46 19.48 19.51 19.53 19.57 19.59 19.61 19.64 19.65 19.67 19.69 19.72 19.74 19.76 19.78 19.81 19.84 19.86 19.89 19.92 19.94 19.97 19.99 20.02 20.05 20.07 20.10 20.11 20.14 20.16 20.19 20.20 20.23 20.25 20.27 20.29 20.31 20.33 20.34 20.36 20.38 20.40 20.41 20.42 20.44 20.45
18.68 18.70 18.72 18.74 18.76 18.79 18.81 18.83 18.85 18.88 18.89 18.92 18.94 18.96 18.98 19.00 19.02 19.04 19.07 19.09 19.13 19.15 19.18 19.20 19.22 19.25 19.27 19.31 19.33 19.35 19.38 19.40 19.42 19.45 19.47 19.50 19.52 19.54 19.56 19.59 19.61 19.63 19.65 19.67 19.70 19.72 19.74 19.76 19.78 19.80 19.83 19.85 19.88 19.90 19.93 19.95 19.98 20.00 20.02 20.04 20.07 20.09 20.11 20.13 20.16 20.17 20.20 20.21 20.23 20.25 20.26 20.28 20.30 20.32 20.33 20.34 20.36
18.63 18.64 18.67 18.69 18.71 18.74 18.75 18.78 18.80 18.83 18.84 18.86 18.89 18.91 18.93 18.95 18.98 18.99 19.01 19.04 19.06 19.09 19.11 19.14 19.17 19.19 19.22 19.24 19.26 19.29 19.31 19.33 19.37 19.39 19.41 19.43 19.46 19.48 19.50 19.52 19.55 19.57 19.59 19.61 19.63 19.65 19.68 19.70 19.72 19.74 19.76 19.78 19.80 19.81 19.84 19.86 19.89 19.91 19.94 19.95 19.98 20.00 20.02 20.04 20.05 20.08 20.09 20.12 20.13 20.15 20.17 20.18 20.20 20.21 20.23 20.25 20.26
18.57 18.59 18.62 18.64 18.67 18.69 18.70 18.73 18.75 18.78 18.80 18.81 18.84 18.86 18.88 18.90 18.92 18.95 18.96 18.99 19.01 19.03 19.06 19.08 19.10 19.13 19.15 19.17 19.21 19.23 19.25 19.27 19.30 19.32 19.34 19.37 19.39 19.41 19.44 19.46 19.49 19.51 19.53 19.55 19.57 19.59 19.61 19.63 19.65 19.67 19.69 19.71 19.73 19.75 19.77 19.79 19.80 19.82 19.84 19.87 19.88 19.91 19.92 19.95 19.96 19.99 20.00 20.02 20.04 20.05 20.08 20.09 20.10 20.12 20.13 20.14 20.16
18.52 18.55 18.57 18.59 18.62 18.63 18.65 18.68 18.70 18.73 18.75 18.76 18.79 18.81 18.83 18.85 18.87 18.89 18.91 18.93 18.95 18.98 18.99 19.01 19.04 19.06 19.09 19.12 19.14 19.16 19.18 19.21 19.24 19.26 19.28 19.31 19.33 19.35 19.37 19.39 19.42 19.44 19.46 19.48 19.50 19.52 19.54 19.56 19.58 19.60 19.62 19.64 19.65 19.67 19.69 19.71 19.73 19.74 19.76 19.78 19.79 19.82 19.83 19.85 19.88 19.89 19.91 19.93 19.94 19.96 19.98 20.00 20.01 20.02 20.04 20.05 20.06
18.47 18.50 18.52 18.54 18.56 18.58 18.61 18.63 18.65 18.67 18.69 18.71 18.74 18.76 18.78 18.80 18.82 18.84 18.86 18.88 18.90 18.92 18.95 18.96 18.98 19.01 19.03 19.05 19.07 19.10 19.13 19.15 19.17 19.19 19.22 19.24 19.26 19.29 19.31 19.33 19.35 19.38 19.39 19.42 19.44 19.46 19.48 19.50 19.51 19.53 19.55 19.57 19.59 19.61 19.63 19.64 19.66 19.68 19.69 19.71 19.73 19.74 19.76 19.77 19.79 19.80 19.82 19.84 19.85 19.86 19.89 19.90 19.91 19.93 19.94 19.95 19.97
18.43 18.45 18.47 18.49 18.51 18.53 18.55 18.58 18.60 18.62 18.64 18.66 18.68 18.71 18.73 18.74 18.77 18.79 18.81 18.83 18.85 18.87 18.89 18.91 18.93 18.95 18.97 18.99 19.02 19.04 19.06 19.08 19.10 19.13 19.16 19.18 19.20 19.22 19.24 19.26 19.28 19.30 19.32 19.34 19.37 19.39 19.41 19.43 19.45 19.47 19.49 19.51 19.52 19.54 19.56 19.58 19.59 19.61 19.63 19.64 19.66 19.67 19.69 19.70 19.72 19.73 19.75 19.76 19.77 19.79 19.80 19.81 19.82 19.84 19.85 19.86 19.87
18.38 18.40 18.42 18.44 18.46 18.48 18.51 18.53 18.54 18.56 18.59 18.61 18.63 18.65 18.68 18.69 18.71 18.74 18.76 18.78 18.79 18.82 18.84 18.86 18.87 18.89 18.92 18.94 18.95 18.97 18.99 19.01 19.05 19.07 19.09 19.11 19.13 19.15 19.17 19.20 19.22 19.24 19.26 19.28 19.30 19.32 19.34 19.36 19.38 19.40 19.42 19.43 19.45 19.48 19.50 19.51 19.53 19.55 19.56 19.58 19.59 19.61 19.62 19.64 19.64 19.66 19.67 19.68 19.69 19.71 19.72 19.73 19.74 19.75 19.77 19.78 19.79
18.33 18.35 18.38 18.39 18.41 18.43 18.45 18.47 18.49 18.51 18.54 18.56 18.58 18.60 18.62 18.64 18.66 18.68 18.71 18.73 18.74 18.76 18.78 18.81 18.83 18.84 18.86 18.88 18.91 18.92 18.94 18.96 18.98 19.00 19.02 19.04 19.06 19.09 19.11 19.13 19.15 19.17 19.19 19.21 19.24 19.26 19.28 19.30 19.32 19.33 19.35 19.37 19.39 19.40 19.42 19.44 19.45 19.47 19.49 19.50 19.52 19.53 19.55 19.56 19.57 19.59 19.60 19.61 19.63 19.64 19.65 19.66 19.67 19.68 19.69 19.70 19.71
18.28 18.30 18.33 18.34 18.36 18.39 18.40 18.42 18.44 18.46 18.49 18.51 18.53 18.54 18.57 18.59 18.61 18.63 18.65 18.67 18.69 18.71 18.73 18.75 18.77 18.80 18.81 18.83 18.85 18.87 18.88 18.90 18.92 18.94 18.96 18.98 19.00 19.02 19.05 19.07 19.08 19.11 19.13 19.15 19.17 19.19 19.21 19.23 19.24 19.26 19.28 19.31 19.33 19.34 19.36 19.37 19.39 19.41 19.42 19.44 19.45 19.47 19.48 19.49 19.51 19.52 19.53 19.55 19.56 19.57 19.58 19.59 19.60 19.61 19.62 19.63 19.64
18.24 18.26 18.28 18.29 18.31 18.34 18.35 18.37 18.39 18.41 18.44 18.45 18.47 18.49 18.51 18.54 18.56 18.58 18.60 18.62 18.63 18.66 18.68 18.70 18.72 18.74 18.75 18.77 18.79 18.81 18.83 18.85 18.87 18.89 18.91 18.93 18.94 18.96 18.98 19.01 19.02 19.04 19.06 19.08 19.10 19.12 19.15 19.17 19.18 19.20 19.22 19.24 19.25 19.27 19.29 19.30 19.32 19.33 19.35 19.37 19.39 19.40 19.41 19.43 19.44 19.45 19.47 19.48 19.49 19.50 19.51 19.53 19.54 19.55 19.56 19.57 19.58
18.19 18.21 18.22 18.24 18.26 18.29 18.30 18.32 18.34 18.36 18.38 18.40 18.42 18.44 18.46 18.48 18.51 18.53 18.55 18.56 18.58 18.60 18.62 18.64 18.67 18.69 18.70 18.72 18.74 18.76 18.78 18.80 18.81 18.83 18.85 18.87 18.89 18.90 18.92 18.94 18.96 18.97 18.99 19.01 19.04 19.06 19.08 19.09 19.11 19.13 19.15 19.16 19.18 19.21 19.22 19.24 19.25 19.27 19.28 19.30 19.31 19.33 19.34 19.35 19.37 19.38 19.39 19.40 19.42 19.43 19.45 19.46 19.47 19.48 19.49 19.50 19.51
18.14 18.16 18.17 18.20 18.22 18.24 18.25 18.27 18.29 18.32 18.33 18.35 18.37 18.39 18.41 18.43 18.45 18.46 18.49 18.51 18.53 18.55 18.57 18.59 18.61 18.63 18.64 18.66 18.68 18.70 18.72 18.74 18.76 18.77 18.79 18.81 18.83 18.85 18.86 18.88 18.90 18.92 18.94 18.95 18.97 18.99 19.01 19.02 19.04 19.06 19.08 19.10 19.12 19.13 19.15 19.16 19.18 19.20 19.21 19.22 19.25 19.26 19.28 19.29 19.30 19.32 19.33 19.34 19.35 19.36 19.37 19.38 19.39 19.40 19.41 19.42 19.43
18.09 18.11 18.13 18.15 18.17 18.19 18.20 18.22 18.24 18.26 18.28 18.30 18.32 18.34 18.36 18.37 18.39 18.41 18.43 18.45 18.48 18.50 18.52 18.54 18.56 18.58 18.59 18.61 18.63 18.65 18.67 18.69 18.71 18.72 18.74 18.76 18.77 18.79 18.81 18.82 18.84 18.86 18.88 18.89 18.91 18.93 18.94 18.96 18.98 19.00 19.01 19.03 19.05 19.06 19.08 19.09 19.12 19.13 19.15 19.16 19.17 19.19 19.20 19.21 19.23 19.24 19.25 19.26 19.29 19.30 19.31 19.32 19.33 19.34 19.35 19.36 19.37
18.04 18.06 18.08 18.10 18.12 18.13 18.15 18.17 18.20 18.22 18.23 18.25 18.27 18.29 18.31 18.32 18.34 18.36 18.38 18.40 18.42 18.44 18.46 18.48 18.49 18.51 18.54 18.55 18.57 18.59 18.61 18.63 18.65 18.66 18.68 18.70 18.72 18.74 18.76 18.77 18.78 18.80 18.82 18.84 18.85 18.87 18.89 18.89 18.91 18.93 18.94 18.96 18.98 19.00 19.02 19.03 19.05 19.06 19.07 19.09 19.10 19.11 19.14 19.15 19.16 19.18 19.19 19.20 19.21 19.22 19.23 19.24 19.25 19.26 19.27 19.29 19.30
17.99 18.01 18.03 18.05 18.06 18.08 18.10 18.12 18.15 18.16 18.18 18.20 18.22 18.24 18.25 18.27 18.29 18.31 18.33 18.35 18.36 18.38 18.40 18.42 18.44 18.46 18.48 18.50 18.52 18.54 18.56 18.58 18.60 18.61 18.62 18.64 18.66 18.68 18.70 18.72 18.73 18.74 18.76 18.78 18.79 18.81 18.83 18.84 18.85 18.87 18.88 18.90 18.91 18.93 18.94 18.96 18.97 18.99 19.00 19.02 19.04 19.05 19.07 19.08 19.09 19.10 19.11 19.13 19.14 19.15 19.17 19.18 19.19 19.20 19.21 19.22 19.23
17.94 17.96 17.98 17.99 18.01 18.04 18.06 18.08 18.10 18.11 18.13 18.15 18.17 18.19 18.20 18.22 18.24 18.26 18.28 18.30 18.31 18.33 18.35 18.37 18.39 18.41 18.43 18.45 18.47 18.49 18.50 18.52 18.54 18.55 18.57 18.59 18.61 18.62 18.64 18.66 18.68 18.69 18.70 18.72 18.74 18.75 18.77 18.79 18.80 18.82 18.82 18.84 18.85 18.87 18.88 18.90 18.91 18.93 18.94 18.95 18.97 18.98 18.99 19.01 19.02 19.03 19.05 19.06 19.07 19.08 19.10 19.11 19.12 19.13 19.14 19.14 19.15
17.89 17.91 17.93 17.95 17.97 17.99 18.01 18.02 18.04 18.06 18.08 18.10 18.12 18.13 18.15 18.17 18.19 18.21 18.23 18.24 18.26 18.28 18.30 18.32 18.34 18.36 18.37 18.39 18.41 18.43 18.44 18.46 18.48 18.50 18.51 18.53 18.55 18.57 18.58 18.60 18.62 18.64 18.65 18.66 18.68 18.69 18.71 18.73 18.74 18.76 18.77 18.79 18.79 18.81 18.82 18.84 18.85 18.87 18.88 18.89 18.91 18.92 18.93 18.94 18.96 18.97 18.98 18.99 19.00 19.01 19.02 19.03 19.04 19.05 19.07 19.08 19.09
17.84 17.86 17.88 17.90 17.92 17.94 17.95 17.97 17.99 18.01 18.03 18.05 18.06 18.08 18.10 18.12 18.14 18.16 18.18 18.19 18.21 18.23 18.24 18.26 18.28 18.30 18.31 18.33 18.35 18.37 18.39 18.40 18.42 18.44 18.46 18.48 18.49 18.51 18.53 18.55 18.56 18.58 18.60 18.60 18.62 18.64 18.65 18.67 18.68 18.70 18.71 18.73 18.74 18.75 18.76 18.78 18.79 18.80 18.82 18.83 18.84 18.86 18.87 18.88 18.89 18.90 18.91 18.92 18.93 18.94 18.96 18.97 18.98 18.99 19.00 19.01 19.02
17.79 17.81 17.83 17.85 17.86 17.88 17.90 17.92 17.94 17.96 17.98 17.99 18.01 18.03 18.05 18.07 18.09 18.11 18.12 18.14 18.16 18.17 18.19 18.21 18.23 18.24 18.26 18.28 18.30 18.31 18.33 18.35 18.37 18.39 18.40 18.42 18.44 18.46 18.47 18.49 18.51 18.52 18.53 18.55 18.56 18.58 18.59 18.61 18.62 18.64 18.66 18.67 18.68 18.70 18.71 18.72 18.73 18.75 18.76 18.77 18.78 18.80 18.81 18.82 18.83 18.84 18.86 18.87 18.88 18.89 18.89 18.90 18.91 18.92 18.93 18.93 18.94
17.75 17.76 17.77 17.80 17.81 17.83 17.85 17.87 17.89 17.90 17.92 17.94 17.96 17.98 18.00 18.02 18.04 18.05 18.07 18.08 18.10 18.12 18.14 18.16 18.17 18.19 18.20 18.22 18.24 18.26 18.28 18.30 18.31 18.33 18.35 18.37 18.38 18.40 18.41 18.42 18.44 18.46 18.47 18.49 18.51 18.52 18.54 18.55 18.57 18.58 18.60 18.61 18.63 18.64 18.65 18.67 18.68 18.68 18.70 18.71 18.72 18.74 18.75 18.76 18.77 18.78 18.79 18.80 18.82 18.83 18.84 18.85 18.86 18.86 18.87 18.88 18.89
17.69 17.71 17.73 17.75 17.77 17.79 17.81 17.81 17.83 17.85 17.87 17.89 17.91 17.93 17.95 17.96 17.98 18.00 18.01 18.03 18.05 18.07 18.09 18.10 18.12 18.14 18.15 18.17 18.19 18.21 18.23 18.24 18.25 18.27 18.28 18.30 18.32 18.33 18.35 18.37 18.39 18.40 18.42 18.43 18.45 18.46 18.48 18.49 18.51 18.53 18.54 18.55 18.57 18.58 18.60 18.61 18.62 18.64 18.64 18.65 18.66 18.68 18.69 18.70 18.71 18.72 18.73 18.74 18.76 18.76 18.77 18.79 18.79 18.80 18.81 18.82 18.83
17.64 17.66 17.68 17.69 17.71 17.73 17.75 17.77 17.79 17.81 17.83 17.84 17.86 17.87 17.89 17.91 17.93 17.95 17.96 17.98 18.00 18.02 18.03 18.05 18.07 18.08 18.10 18.12 18.14 18.15 18.17 18.18 18.20 18.21 18.23 18.25 18.26 18.28 18.30 18.31 18.33 18.34 18.36 18.38 18.39 18.41 18.42 18.44 18.45 18.47 18.48 18.50 18.51 18.52 18.54 18.55 18.56 18.58 18.58 18.59 18.60 18.62 18.63 18.64 18.65 18.66 18.67 18.68 18.69 18.70 18.71 18.72 18.73 18.74 18.75 18.76 18.77
17.59 17.61 17.62 17.64 17.66 17.68 17.70 17.72 17.74 17.75 17.77 17.79 17.80 17.82 17.84 17.86 17.88 17.90 17.92 17.92 17.94 17.96 17.98 17.99 18.01 18.03 18.05 18.07 18.08 18.09 18.11 18.13 18.14 18.16 18.18 18.19 18.21 18.23 18.24 18.26 18.27 18.29 18.30 18.32 18.34 18.35 18.37 18.38 18.40 18.41 18.42 18.44 18.45 18.47 18.48 18.48 18.50 18.51 18.52 18.53 18.55 18.56 18.57 18.58 18.59 18.60 18.61 18.62 18.63 18.64 18.65 18.66 18.67 18.68 18.69 18.70 18.71
17.54 17.56 17.58 17.60 17.61 17.62 17.64 17.66 17.68 17.70 17.72 17.74 17.75 17.77 17.79 17.81 17.82 17.84 17.86 17.87 17.89 17.91 17.93 17.94 17.96 17.98 18.00 18.00 18.02 18.04 18.06 18.07 18.09 18.11 18.12 18.14 18.15 18.17 18.19 18.20 18.21 18.23 18.24 18.26 18.27 18.29 18.30 18.32 18.33 18.34 18.36 18.37 18.39 18.40 18.41 18.43 18.44 18.45 18.46 18.48 18.49 18.50 18.51 18.52 18.53 18.54 18.55 18.56 18.58 18.59 18.59 18.60 18.61 18.62 18.63 18.64 18.65
