Australia Fires/latest (1).grid
ncols 886
nrows 691
xllcenter 112.0000
yllcenter -44.5000
cellsize 0.0500
nodata_value 99999.90
[rows 476 to 509 of 691, columns 770 to 846 of 886]
33.01 34.25 34.72 34.41 34.05 33.94 33.54 33.14 32.68 32.53 32.20 31.74 31.07 30.82 29.95 29.72 29.40 28.97 28.56 28.15 27.76 27.40 27.05 26.72 26.40 26.11 25.82 25.56 25.31 25.06 24.84 24.61 24.41 24.20 24.00 23.80 23.62 23.43 23.25 23.07 22.89 22.76 22.92 23.31 23.68 23.96 24.18 24.34 24.44 24.50 24.54 24.53 24.52 24.48 24.42 24.36 24.29 24.21 24.12 24.03 23.94 23.85 23.75 23.65 23.55 23.45 23.35 23.26 23.15 23.06 22.97 22.86 22.77 22.67 22.58 22.49 22.39
33.18 33.69 34.63 34.54 33.84 33.70 33.17 32.71 32.64 32.39 31.91 31.50 31.00 30.55 30.03 29.64 29.21 28.79 28.39 27.99 27.62 27.26 26.91 26.59 26.27 25.97 25.70 25.43 25.17 24.93 24.69 24.47 24.26 24.05 23.85 23.65 23.46 23.27 23.09 22.90 22.73 22.67 23.02 23.44 23.76 24.02 24.21 24.34 24.43 24.48 24.50 24.49 24.45 24.41 24.35 24.28 24.20 24.12 24.03 23.94 23.84 23.75 23.65 23.55 23.46 23.36 23.27 23.16 23.07 22.97 22.88 22.78 22.68 22.59 22.49 22.41 22.32
33.86 34.77 34.28 34.42 33.72 33.59 33.26 32.88 32.53 32.22 31.59 31.03 30.81 30.20 29.79 29.04 29.02 28.61 28.22 27.83 27.46 27.11 26.77 26.45 26.14 25.84 25.56 25.30 25.04 24.79 24.56 24.33 24.11 23.90 23.70 23.50 23.31 23.12 22.93 22.75 22.61 22.72 23.12 23.52 23.83 24.06 24.23 24.33 24.40 24.44 24.44 24.42 24.38 24.33 24.27 24.19 24.11 24.02 23.93 23.85 23.75 23.65 23.56 23.46 23.37 23.27 23.17 23.08 22.98 22.89 22.78 22.69 22.61 22.51 22.42 22.33 22.23
35.13 34.41 34.22 34.43 33.60 33.48 33.03 32.70 32.30 31.94 31.39 30.99 30.37 30.03 29.64 29.12 28.82 28.41 28.03 27.66 27.30 26.95 26.62 26.30 26.00 25.70 25.42 25.16 24.90 24.65 24.42 24.18 23.97 23.76 23.55 23.35 23.16 22.96 22.79 22.60 22.51 22.81 23.23 23.59 23.87 24.08 24.22 24.32 24.36 24.39 24.38 24.36 24.31 24.25 24.18 24.10 24.02 23.94 23.84 23.75 23.66 23.56 23.47 23.36 23.27 23.18 23.08 22.98 22.89 22.79 22.70 22.60 22.52 22.43 22.33 22.25 22.16
33.35 34.02 34.09 34.33 33.69 33.30 32.64 32.58 32.02 31.32 30.86 30.66 30.29 29.86 29.43 29.00 28.59 28.21 27.83 27.47 27.12 26.79 26.46 26.14 25.85 25.56 25.28 25.02 24.76 24.51 24.27 24.05 23.83 23.62 23.41 23.21 23.02 22.82 22.64 22.48 22.49 22.91 23.32 23.65 23.90 24.08 24.21 24.28 24.32 24.33 24.31 24.27 24.22 24.16 24.09 24.01 23.93 23.84 23.75 23.65 23.56 23.46 23.37 23.28 23.17 23.08 22.99 22.89 22.80 22.71 22.61 22.53 22.44 22.34 22.25 22.16 22.07
32.89 33.88 33.58 34.05 33.72 33.06 32.66 32.03 31.67 30.81 30.45 29.87 30.00 29.50 29.16 28.75 28.36 27.99 27.62 27.27 26.93 26.61 26.28 25.99 25.69 25.40 25.13 24.87 24.61 24.38 24.14 23.91 23.69 23.47 23.27 23.06 22.87 22.68 22.50 22.37 22.57 23.01 23.39 23.69 23.91 24.07 24.18 24.24 24.26 24.27 24.24 24.19 24.13 24.07 23.99 23.92 23.83 23.74 23.65 23.56 23.46 23.37 23.27 23.18 23.09 22.99 22.90 22.81 22.71 22.62 22.53 22.43 22.35 22.26 22.17 22.08 22.00
32.52 33.49 33.90 33.53 33.39 32.97 32.16 31.43 30.93 30.38 29.73 30.11 29.16 28.99 28.87 28.49 28.11 27.75 27.39 27.06 26.72 26.41 26.11 25.81 25.52 25.24 24.98 24.71 24.46 24.23 24.00 23.76 23.55 23.33 23.12 22.93 22.73 22.54 22.36 22.30 22.68 23.11 23.46 23.73 23.92 24.06 24.14 24.19 24.20 24.19 24.16 24.11 24.04 23.98 23.91 23.82 23.74 23.64 23.55 23.46 23.37 23.27 23.18 23.08 22.99 22.90 22.80 22.71 22.63 22.53 22.44 22.36 22.26 22.18 22.09 22.00 21.91
32.91 32.88 33.49 32.72 32.89 32.69 31.62 31.20 29.97 29.88 29.12 28.87 29.10 28.96 28.58 28.20 27.84 27.50 27.15 26.83 26.51 26.20 25.91 25.62 25.34 25.07 24.81 24.56 24.31 24.08 23.85 23.62 23.40 23.19 22.99 22.78 22.58 22.39 22.25 22.36 22.79 23.20 23.51 23.74 23.91 24.03 24.10 24.14 24.14 24.11 24.08 24.02 23.96 23.88 23.81 23.73 23.63 23.55 23.46 23.37 23.26 23.17 23.08 23.00 22.90 22.81 22.72 22.62 22.54 22.45 22.35 22.27 22.18 22.09 22.00 21.92 21.83
32.13 32.97 33.32 33.26 32.68 31.96 30.97 30.12 29.43 29.08 29.08 29.45 29.03 28.63 28.26 27.91 27.56 27.23 26.90 26.59 26.29 25.99 25.70 25.42 25.15 24.89 24.64 24.38 24.15 23.91 23.69 23.46 23.25 23.04 22.84 22.64 22.45 22.26 22.18 22.48 22.92 23.27 23.55 23.76 23.90 24.00 24.05 24.08 24.06 24.03 23.99 23.93 23.86 23.79 23.70 23.62 23.54 23.45 23.36 23.27 23.18 23.08 22.99 22.90 22.81 22.71 22.63 22.54 22.44 22.36 22.27 22.18 22.10 22.01 21.92 21.84 21.76
32.62 32.85 33.00 32.42 31.69 31.21 30.35 29.12 28.84 28.34 29.49 29.07 28.66 28.30 27.94 27.60 27.26 26.95 26.64 26.33 26.04 25.76 25.48 25.21 24.95 24.69 24.45 24.21 23.97 23.74 23.52 23.30 23.09 22.88 22.68 22.49 22.29 22.14 22.19 22.61 23.02 23.34 23.59 23.77 23.89 23.96 24.00 24.01 23.99 23.96 23.90 23.84 23.78 23.69 23.61 23.53 23.44 23.35 23.26 23.17 23.08 22.99 22.89 22.80 22.72 22.62 22.53 22.45 22.36 22.27 22.18 22.10 22.01 21.93 21.84 21.76 21.67
31.87 31.87 31.69 31.29 31.12 30.49 29.62 28.75 28.51 29.51 29.06 28.66 28.29 27.93 27.60 27.27 26.96 26.66 26.36 26.07 25.79 25.52 25.25 25.00 24.73 24.49 24.25 24.02 23.79 23.56 23.35 23.14 22.93 22.73 22.53 22.33 22.15 22.05 22.31 22.75 23.11 23.40 23.61 23.76 23.86 23.92 23.94 23.94 23.91 23.87 23.82 23.75 23.68 23.60 23.52 23.43 23.34 23.25 23.16 23.07 22.98 22.89 22.81 22.71 22.62 22.54 22.44 22.36 22.27 22.18 22.10 22.01 21.93 21.84 21.76 21.68 21.60
31.06 31.03 31.23 31.05 30.37 29.93 28.79 28.87 29.24 29.03 28.61 28.24 27.89 27.57 27.25 26.95 26.65 26.36 26.07 25.80 25.53 25.27 25.01 24.76 24.52 24.27 24.05 23.81 23.59 23.38 23.17 22.96 22.75 22.55 22.36 22.17 22.02 22.06 22.45 22.86 23.19 23.44 23.62 23.75 23.83 23.87 23.88 23.86 23.84 23.78 23.72 23.66 23.58 23.50 23.42 23.33 23.25 23.16 23.07 22.97 22.89 22.80 22.71 22.62 22.53 22.45 22.36 22.27 22.18 22.10 22.01 21.93 21.85 21.77 21.67 21.60 21.51
30.53 30.99 30.85 30.29 29.87 29.19 28.45 28.24 28.95 28.54 28.17 27.83 27.51 27.21 26.91 26.61 26.33 26.05 25.78 25.52 25.26 25.01 24.76 24.51 24.28 24.05 23.82 23.59 23.39 23.18 22.96 22.77 22.57 22.38 22.19 22.01 21.91 22.17 22.60 22.97 23.26 23.47 23.63 23.73 23.79 23.81 23.81 23.79 23.75 23.70 23.64 23.57 23.49 23.40 23.32 23.24 23.15 23.06 22.97 22.88 22.79 22.70 22.62 22.52 22.44 22.36 22.27 22.18 22.10 22.01 21.93 21.84 21.76 21.68 21.60 21.52 21.43
30.52 29.95 30.46 29.76 29.68 28.85 29.04 29.03 28.51 28.07 27.74 27.44 27.13 26.84 26.56 26.28 26.01 25.74 25.48 25.23 24.98 24.73 24.49 24.26 24.03 23.81 23.59 23.38 23.17 22.96 22.77 22.57 22.37 22.19 22.01 21.85 21.92 22.32 22.74 23.06 23.31 23.49 23.62 23.70 23.74 23.76 23.74 23.71 23.67 23.61 23.54 23.46 23.38 23.30 23.23 23.14 23.05 22.96 22.88 22.78 22.70 22.61 22.52 22.44 22.35 22.26 22.18 22.09 22.01 21.93 21.84 21.76 21.68 21.60 21.52 21.44 21.36
29.25 29.48 29.62 28.70 28.64 29.73 29.24 28.71 28.09 27.68 27.36 27.07 26.79 26.50 26.22 25.95 25.69 25.44 25.18 24.93 24.70 24.45 24.22 24.00 23.78 23.56 23.35 23.14 22.94 22.74 22.55 22.36 22.18 21.99 21.81 21.75 22.05 22.48 22.85 23.13 23.34 23.50 23.60 23.67 23.69 23.70 23.67 23.63 23.58 23.51 23.44 23.37 23.29 23.20 23.13 23.04 22.95 22.87 22.78 22.69 22.60 22.52 22.43 22.34 22.26 22.17 22.09 22.01 21.92 21.84 21.76 21.68 21.60 21.51 21.43 21.36 21.28
29.38 28.60 28.19 27.71 29.82 29.58 29.03 28.22 27.85 27.42 27.06 26.75 26.46 26.18 25.91 25.64 25.38 25.13 24.88 24.64 24.40 24.17 23.95 23.73 23.52 23.31 23.10 22.90 22.70 22.51 22.33 22.14 21.96 21.79 21.65 21.79 22.21 22.62 22.94 23.19 23.37 23.50 23.58 23.62 23.64 23.62 23.60 23.55 23.49 23.42 23.35 23.27 23.20 23.11 23.03 22.94 22.86 22.77 22.68 22.59 22.51 22.42 22.34 22.25 22.17 22.08 22.00 21.92 21.83 21.75 21.67 21.59 21.52 21.44 21.35 21.27 21.20
28.54 28.30 28.03 27.94 28.67 28.55 28.40 27.96 27.59 27.16 26.79 26.46 26.16 25.87 25.60 25.33 25.07 24.82 24.59 24.34 24.11 23.90 23.67 23.46 23.25 23.04 22.85 22.66 22.46 22.28 22.10 21.92 21.74 21.58 21.55 21.92 22.36 22.73 23.01 23.23 23.38 23.48 23.54 23.58 23.57 23.55 23.52 23.46 23.40 23.33 23.25 23.18 23.10 23.01 22.93 22.85 22.76 22.67 22.58 22.50 22.42 22.33 22.25 22.16 22.08 22.00 21.92 21.84 21.75 21.67 21.59 21.51 21.43 21.36 21.28 21.19 21.11
28.92 30.08 29.90 28.14 27.21 28.81 28.34 27.71 27.36 26.92 26.54 26.19 25.87 25.58 25.30 25.04 24.78 24.53 24.29 24.06 23.83 23.61 23.40 23.19 22.99 22.79 22.60 22.41 22.23 22.04 21.86 21.69 21.53 21.42 21.64 22.09 22.51 22.82 23.07 23.26 23.38 23.46 23.50 23.52 23.51 23.48 23.43 23.37 23.31 23.24 23.17 23.09 23.00 22.91 22.83 22.74 22.66 22.57 22.49 22.41 22.32 22.24 22.15 22.07 21.99 21.91 21.83 21.74 21.66 21.58 21.50 21.43 21.35 21.27 21.20 21.12 21.03
29.70 30.35 30.11 28.60 28.33 27.29 27.44 27.60 27.12 26.69 26.30 25.94 25.61 25.31 25.03 24.76 24.49 24.25 24.01 23.78 23.56 23.34 23.12 22.93 22.72 22.53 22.34 22.15 21.98 21.80 21.63 21.46 21.32 21.36 21.79 22.25 22.61 22.90 23.11 23.26 23.36 23.42 23.46 23.45 23.44 23.40 23.34 23.29 23.21 23.15 23.07 22.99 22.90 22.82 22.73 22.65 22.56 22.48 22.40 22.32 22.23 22.14 22.06 21.98 21.90 21.82 21.73 21.65 21.58 21.50 21.42 21.34 21.27 21.19 21.11 21.04 20.96
30.84 30.12 29.31 28.91 28.84 28.23 27.89 27.43 26.92 26.47 26.07 25.70 25.36 25.06 24.76 24.49 24.23 23.98 23.74 23.51 23.29 23.07 22.87 22.67 22.47 22.28 22.09 21.92 21.74 21.56 21.40 21.24 21.18 21.49 21.97 22.38 22.70 22.95 23.14 23.26 23.34 23.38 23.40 23.39 23.36 23.32 23.26 23.20 23.13 23.05 22.97 22.88 22.81 22.72 22.64 22.55 22.47 22.39 22.31 22.21 22.13 22.05 21.97 21.89 21.81 21.72 21.64 21.57 21.49 21.41 21.34 21.26 21.18 21.11 21.03 20.96 20.88
29.24 29.70 29.71 29.62 28.98 28.31 27.80 27.23 26.72 26.26 25.84 25.48 25.13 24.81 24.52 24.24 23.98 23.73 23.48 23.26 23.03 22.82 22.61 22.42 22.22 22.04 21.86 21.67 21.50 21.33 21.17 21.05 21.20 21.66 22.12 22.49 22.77 22.99 23.15 23.25 23.31 23.34 23.34 23.32 23.28 23.23 23.17 23.11 23.03 22.95 22.88 22.79 22.70 22.63 22.55 22.45 22.37 22.29 22.21 22.12 22.04 21.96 21.88 21.80 21.72 21.64 21.56 21.48 21.41 21.33 21.25 21.18 21.10 21.03 20.95 20.88 20.80
30.44 30.65 30.08 29.52 28.05 28.18 27.57 27.02 26.50 26.04 25.62 25.24 24.90 24.58 24.27 24.00 23.73 23.48 23.24 23.01 22.80 22.58 22.38 22.18 21.99 21.81 21.62 21.45 21.28 21.11 20.96 20.93 21.34 21.83 22.25 22.58 22.83 23.02 23.14 23.23 23.27 23.28 23.28 23.25 23.20 23.14 23.08 23.01 22.94 22.86 22.77 22.70 22.61 22.53 22.44 22.36 22.28 22.20 22.12 22.04 21.95 21.87 21.79 21.71 21.63 21.55 21.47 21.40 21.32 21.25 21.17 21.08 21.01 20.94 20.86 20.79 20.72
30.78 30.17 29.80 29.20 28.56 27.92 27.33 26.77 26.27 25.82 25.40 25.02 24.68 24.36 24.05 23.77 23.51 23.25 23.02 22.79 22.57 22.36 22.16 21.97 21.78 21.59 21.41 21.24 21.07 20.90 20.81 21.03 21.53 21.99 22.36 22.65 22.86 23.02 23.12 23.19 23.22 23.23 23.20 23.17 23.12 23.06 22.99 22.92 22.84 22.77 22.68 22.59 22.51 22.44 22.34 22.26 22.18 22.10 22.02 21.94 21.86 21.78 21.70 21.62 21.54 21.46 21.38 21.30 21.23 21.15 21.08 21.00 20.93 20.86 20.78 20.71 20.64
29.62 29.34 29.19 28.73 28.14 27.62 27.05 26.52 26.03 25.59 25.18 24.81 24.46 24.14 23.85 23.57 23.30 23.05 22.82 22.58 22.37 22.16 21.95 21.76 21.58 21.39 21.21 21.04 20.88 20.73 20.73 21.19 21.70 22.12 22.45 22.70 22.88 23.01 23.10 23.15 23.16 23.16 23.12 23.08 23.03 22.97 22.89 22.82 22.75 22.66 22.59 22.50 22.42 22.33 22.25 22.17 22.09 22.01 21.93 21.84 21.76 21.68 21.61 21.53 21.45 21.37 21.30 21.22 21.15 21.07 21.00 20.92 20.85 20.78 20.70 20.63 20.56
29.28 29.37 28.71 28.42 27.86 27.30 26.75 26.25 25.78 25.35 24.96 24.59 24.25 23.94 23.65 23.37 23.10 22.85 22.61 22.39 22.18 21.96 21.77 21.58 21.39 21.20 21.03 20.86 20.70 20.61 20.88 21.39 21.86 22.22 22.52 22.74 22.89 23.00 23.07 23.10 23.11 23.08 23.05 23.00 22.94 22.88 22.80 22.72 22.64 22.57 22.49 22.40 22.32 22.24 22.15 22.07 21.99 21.91 21.83 21.75 21.67 21.60 21.52 21.43 21.36 21.28 21.20 21.13 21.05 20.98 20.91 20.84 20.77 20.70 20.62 20.55 20.48
28.99 28.74 28.36 28.06 27.54 26.98 26.27 25.97 25.53 25.13 24.74 24.39 24.05 23.74 23.45 23.17 22.91 22.67 22.43 22.21 22.00 21.79 21.59 21.40 21.21 21.03 20.86 20.69 20.55 20.61 21.08 21.58 21.99 22.31 22.57 22.76 22.89 22.98 23.02 23.04 23.04 23.01 22.96 22.91 22.85 22.78 22.71 22.63 22.55 22.47 22.38 22.30 22.22 22.14 22.05 21.97 21.89 21.81 21.74 21.66 21.58 21.50 21.42 21.35 21.27 21.20 21.12 21.05 20.97 20.90 20.83 20.75 20.68 20.61 20.54 20.46 20.40
29.33 28.82 28.26 27.71 27.21 26.67 26.16 25.71 25.28 24.90 24.53 24.19 23.86 23.55 23.27 22.99 22.74 22.49 22.26 22.03 21.83 21.62 21.42 21.24 21.05 20.88 20.71 20.55 20.47 20.77 21.27 21.74 22.10 22.39 22.61 22.77 22.88 22.94 22.97 22.98 22.96 22.93 22.88 22.82 22.76 22.68 22.61 22.53 22.45 22.37 22.29 22.21 22.13 22.05 21.96 21.88 21.80 21.72 21.64 21.56 21.49 21.41 21.33 21.26 21.18 21.11 21.03 20.96 20.88 20.81 20.74 20.67 20.60 20.53 20.46 20.39 20.32
28.83 28.39 27.97 27.37 26.59 26.05 25.90 25.47 25.05 24.67 24.32 23.98 23.67 23.36 23.08 22.82 22.57 22.33 22.09 21.87 21.67 21.46 21.27 21.09 20.91 20.73 20.56 20.42 20.51 20.98 21.46 21.88 22.20 22.45 22.63 22.76 22.85 22.89 22.92 22.91 22.89 22.85 22.80 22.73 22.66 22.59 22.51 22.44 22.35 22.27 22.19 22.11 22.03 21.95 21.87 21.79 21.70 21.62 21.54 21.47 21.39 21.32 21.24 21.16 21.09 21.01 20.94 20.88 20.80 20.73 20.66 20.59 20.51 20.44 20.37 20.31 20.24
28.44 28.10 27.64 27.12 26.61 26.13 25.66 25.23 24.84 24.47 24.12 23.79 23.47 23.18 22.90 22.64 22.39 22.16 21.93 21.71 21.51 21.31 21.12 20.94 20.76 20.59 20.43 20.37 20.69 21.18 21.64 21.99 22.27 22.49 22.64 22.75 22.82 22.85 22.85 22.84 22.81 22.76 22.70 22.64 22.57 22.49 22.41 22.34 22.25 22.17 22.09 22.01 21.94 21.85 21.76 21.68 21.61 21.53 21.45 21.37 21.30 21.22 21.15 21.07 21.01 20.93 20.86 20.79 20.71 20.64 20.57 20.50 20.43 20.37 20.30 20.23 20.16
28.21 27.83 27.32 26.82 26.33 25.86 25.42 25.00 24.61 24.25 23.91 23.59 23.29 23.00 22.73 22.48 22.23 21.99 21.77 21.57 21.36 21.17 20.99 20.81 20.63 20.46 20.34 20.45 20.91 21.39 21.78 22.09 22.33 22.51 22.64 22.73 22.77 22.80 22.79 22.77 22.72 22.67 22.61 22.55 22.47 22.39 22.31 22.24 22.16 22.07 21.99 21.91 21.83 21.75 21.67 21.59 21.51 21.43 21.36 21.28 21.20 21.13 21.05 20.98 20.92 20.84 20.77 20.70 20.62 20.55 20.48 20.41 20.35 20.28 20.21 20.14 20.07
28.00 27.50 27.00 26.52 26.04 25.60 25.17 24.77 24.39 24.04 23.70 23.39 23.09 22.82 22.56 22.30 22.06 21.83 21.62 21.41 21.22 21.02 20.84 20.66 20.50 20.34 20.30 20.64 21.13 21.56 21.90 22.16 22.38 22.53 22.62 22.70 22.73 22.73 22.72 22.69 22.64 22.58 22.51 22.45 22.38 22.29 22.22 22.14 22.06 21.98 21.89 21.81 21.73 21.65 21.57 21.50 21.42 21.34 21.27 21.19 21.11 21.04 20.96 20.89 20.83 20.75 20.68 20.61 20.54 20.46 20.39 20.33 20.26 20.19 20.12 20.06 20.00
27.65 27.16 26.68 26.21 25.76 25.34 24.92 24.54 24.18 23.83 23.50 23.20 22.91 22.64 22.38 22.14 21.90 21.67 21.46 21.26 21.07 20.88 20.71 20.53 20.37 20.26 20.42 20.88 21.33 21.70 22.00 22.23 22.40 22.53 22.61 22.65 22.68 22.67 22.65 22.60 22.55 22.49 22.42 22.35 22.28 22.19 22.12 22.04 21.95 21.88 21.80 21.72 21.64 21.56 21.48 21.40 21.33 21.25 21.17 21.10 21.02 20.95 20.87 20.80 20.73 20.66 20.59 20.52 20.45 20.38 20.31 20.25 20.18 20.11 20.04 19.98 19.91
27.31 26.83 26.36 25.91 25.49 25.07 24.68 24.30 23.95 23.61 23.30 23.01 22.73 22.45 22.20 21.96 21.73 21.51 21.31 21.11 20.92 20.74 20.57 20.40 20.25 20.24 20.64 21.11 21.50 21.83 22.08 22.27 22.42 22.52 22.58 22.61 22.61 22.60 22.57 22.51 22.46 22.39 22.33 22.25 22.17 22.10 22.01 21.94 21.86 21.77 21.69 21.61 21.54 21.46 21.38 21.30 21.22 21.15 21.08 21.01 20.93 20.86 20.79 20.71 20.64 20.57 20.50 20.43 20.36 20.29 20.22 20.16 20.09 20.02 19.95 19.89 19.83
26.95 26.49 26.04 25.61 25.20 24.81 24.42 24.07 23.72 23.40 23.09 22.81 22.53 22.27 22.02 21.80 21.57 21.35 21.16 20.96 20.77 20.60 20.43 20.27 20.20 20.44 20.89 21.31 21.66 21.93 22.14 22.31 22.43 22.50 22.54 22.55 22.54 22.52 22.48 22.43 22.36 22.30 22.23 22.15 22.08 22.00 21.92 21.83 21.75 21.68 21.60 21.52 21.44 21.36 21.29 21.21 21.13 21.06 20.98 20.91 20.83 20.76 20.70 20.62 20.55 20.48 20.41 20.35 20.28 20.21 20.14 20.08 20.01 19.94 19.87 19.81 19.74
