Australia Fires/latest.grid
ncols 886
nrows 691
xllcenter 112.0000
yllcenter -44.5000
cellsize 0.0500
nodata_value 99999.90
[rows 114 to 151 of 691, columns 84 to 167 of 886]
3.08 3.09 3.11 3.12 3.14 3.15 3.17 3.18 3.19 3.21 3.22 3.23 3.25 3.26 3.27 3.28 3.30 3.31 3.32 3.33 3.34 3.35 3.36 3.37 3.37 3.38 3.39 3.39 3.38 3.37 3.35 3.34 3.32 3.31 3.29 3.27 3.25 3.23 3.21 3.19 3.17 3.15 3.13 3.11 3.09 3.07 3.04 3.02 3.00 2.98 2.95 2.93 2.90 2.86 2.82 2.78 2.75 2.71 2.67 2.64 2.60 2.57 2.53 2.50 2.47 2.43 2.40 2.37 2.34 2.31 2.28 2.25 2.21 2.18 2.15 2.12 2.08 2.05 2.03 2.00 1.97 1.94 1.92 1.89
3.13 3.14 3.16 3.18 3.19 3.21 3.22 3.24 3.26 3.27 3.29 3.30 3.31 3.33 3.34 3.36 3.37 3.38 3.39 3.40 3.42 3.43 3.44 3.44 3.45 3.45 3.45 3.44 3.42 3.41 3.40 3.38 3.37 3.35 3.33 3.32 3.30 3.28 3.26 3.24 3.22 3.20 3.18 3.16 3.14 3.12 3.10 3.07 3.05 3.03 3.00 2.97 2.93 2.89 2.85 2.82 2.78 2.74 2.71 2.67 2.63 2.60 2.57 2.53 2.50 2.47 2.44 2.40 2.37 2.34 2.31 2.27 2.24 2.20 2.17 2.14 2.11 2.08 2.05 2.02 1.99 1.96 1.94 1.91
3.18 3.20 3.21 3.23 3.25 3.27 3.29 3.30 3.32 3.34 3.35 3.37 3.38 3.40 3.42 3.43 3.44 3.46 3.47 3.48 3.50 3.51 3.51 3.51 3.51 3.50 3.49 3.48 3.47 3.46 3.44 3.43 3.41 3.40 3.38 3.37 3.35 3.33 3.31 3.29 3.28 3.26 3.23 3.21 3.19 3.17 3.15 3.13 3.10 3.08 3.04 3.01 2.97 2.93 2.89 2.85 2.81 2.78 2.74 2.70 2.67 2.63 2.60 2.57 2.53 2.50 2.47 2.44 2.41 2.37 2.34 2.30 2.26 2.23 2.19 2.16 2.13 2.10 2.07 2.04 2.01 1.98 1.96 1.93
3.23 3.25 3.27 3.29 3.31 3.33 3.35 3.37 3.39 3.41 3.42 3.44 3.46 3.48 3.49 3.51 3.52 3.54 3.55 3.56 3.57 3.56 3.56 3.56 3.55 3.54 3.53 3.52 3.51 3.50 3.49 3.48 3.46 3.45 3.43 3.42 3.40 3.38 3.37 3.35 3.33 3.31 3.29 3.27 3.25 3.23 3.21 3.18 3.16 3.12 3.08 3.04 3.00 2.96 2.92 2.89 2.85 2.81 2.78 2.74 2.70 2.67 2.63 2.60 2.57 2.53 2.50 2.47 2.44 2.40 2.36 2.32 2.29 2.25 2.22 2.18 2.15 2.12 2.09 2.06 2.03 2.00 1.98 1.95
3.29 3.31 3.34 3.36 3.38 3.40 3.42 3.44 3.46 3.48 3.50 3.52 3.54 3.56 3.57 3.59 3.60 3.61 3.61 3.61 3.61 3.61 3.60 3.60 3.59 3.59 3.58 3.57 3.56 3.55 3.54 3.53 3.51 3.50 3.49 3.47 3.45 3.44 3.42 3.40 3.39 3.37 3.35 3.33 3.31 3.29 3.26 3.23 3.19 3.15 3.12 3.08 3.04 3.00 2.96 2.92 2.88 2.85 2.81 2.77 2.74 2.70 2.67 2.64 2.60 2.57 2.54 2.50 2.47 2.43 2.39 2.35 2.31 2.28 2.24 2.21 2.17 2.14 2.11 2.08 2.05 2.02 2.00 1.97
3.35 3.38 3.40 3.42 3.45 3.47 3.49 3.51 3.53 3.56 3.58 3.60 3.61 3.63 3.64 3.65 3.65 3.65 3.65 3.65 3.65 3.65 3.65 3.64 3.64 3.63 3.63 3.62 3.61 3.60 3.59 3.58 3.57 3.55 3.54 3.53 3.51 3.50 3.48 3.46 3.44 3.43 3.41 3.39 3.37 3.34 3.31 3.27 3.23 3.19 3.15 3.11 3.07 3.03 3.00 2.96 2.92 2.88 2.85 2.81 2.78 2.74 2.71 2.67 2.64 2.60 2.57 2.53 2.49 2.45 2.41 2.37 2.34 2.30 2.26 2.23 2.20 2.16 2.13 2.10 2.07 2.04 2.02 1.99
3.42 3.44 3.47 3.49 3.52 3.54 3.57 3.59 3.61 3.63 3.65 3.66 3.67 3.68 3.68 3.69 3.69 3.69 3.69 3.70 3.70 3.69 3.69 3.69 3.69 3.68 3.67 3.67 3.66 3.65 3.64 3.63 3.62 3.61 3.60 3.58 3.57 3.55 3.54 3.52 3.50 3.49 3.47 3.45 3.42 3.38 3.34 3.30 3.27 3.23 3.19 3.15 3.11 3.07 3.03 3.00 2.96 2.92 2.88 2.85 2.81 2.78 2.74 2.71 2.67 2.64 2.60 2.56 2.52 2.48 2.44 2.40 2.36 2.32 2.29 2.25 2.22 2.19 2.15 2.12 2.09 2.06 2.03 2.01
3.49 3.51 3.54 3.57 3.59 3.61 3.64 3.65 3.67 3.68 3.69 3.70 3.71 3.71 3.72 3.73 3.73 3.73 3.74 3.74 3.74 3.74 3.74 3.74 3.74 3.73 3.73 3.72 3.71 3.71 3.70 3.69 3.68 3.67 3.66 3.64 3.63 3.62 3.60 3.59 3.57 3.55 3.52 3.49 3.45 3.42 3.38 3.34 3.30 3.26 3.22 3.19 3.15 3.11 3.07 3.03 3.00 2.96 2.92 2.89 2.85 2.81 2.78 2.74 2.71 2.67 2.63 2.59 2.54 2.50 2.46 2.42 2.38 2.35 2.31 2.27 2.24 2.21 2.17 2.14 2.11 2.08 2.05 2.03
3.56 3.58 3.61 3.63 3.65 3.66 3.68 3.69 3.70 3.72 3.73 3.74 3.75 3.75 3.76 3.77 3.77 3.78 3.78 3.79 3.79 3.79 3.79 3.79 3.79 3.79 3.78 3.78 3.77 3.77 3.76 3.75 3.74 3.73 3.72 3.71 3.69 3.68 3.67 3.65 3.63 3.60 3.56 3.53 3.49 3.45 3.41 3.38 3.34 3.30 3.26 3.22 3.19 3.15 3.11 3.07 3.03 3.00 2.96 2.92 2.89 2.85 2.82 2.78 2.75 2.70 2.66 2.61 2.57 2.53 2.48 2.44 2.41 2.37 2.33 2.30 2.26 2.23 2.20 2.16 2.13 2.10 2.07 2.05
3.61 3.63 3.65 3.67 3.68 3.70 3.71 3.73 3.74 3.75 3.76 3.77 3.79 3.79 3.80 3.81 3.82 3.83 3.83 3.83 3.84 3.84 3.84 3.84 3.84 3.84 3.84 3.84 3.83 3.83 3.82 3.81 3.80 3.79 3.78 3.77 3.76 3.74 3.73 3.70 3.67 3.63 3.60 3.56 3.53 3.49 3.45 3.41 3.38 3.34 3.30 3.26 3.22 3.19 3.15 3.11 3.07 3.04 3.00 2.96 2.93 2.89 2.86 2.82 2.77 2.73 2.68 2.64 2.59 2.55 2.51 2.47 2.43 2.39 2.35 2.32 2.28 2.25 2.22 2.18 2.15 2.12 2.09 2.06
3.64 3.66 3.68 3.70 3.71 3.73 3.75 3.76 3.78 3.79 3.80 3.82 3.83 3.84 3.85 3.86 3.87 3.87 3.88 3.89 3.89 3.89 3.90 3.90 3.90 3.90 3.90 3.90 3.89 3.89 3.88 3.88 3.87 3.86 3.85 3.84 3.82 3.79 3.77 3.73 3.70 3.67 3.63 3.60 3.56 3.53 3.49 3.45 3.41 3.38 3.34 3.30 3.26 3.23 3.19 3.15 3.11 3.08 3.04 3.00 2.97 2.93 2.89 2.85 2.80 2.75 2.70 2.66 2.62 2.57 2.53 2.49 2.45 2.41 2.38 2.34 2.30 2.27 2.24 2.20 2.17 2.14 2.11 2.08
3.67 3.69 3.71 3.73 3.75 3.76 3.78 3.80 3.82 3.83 3.85 3.86 3.87 3.88 3.90 3.91 3.92 3.93 3.93 3.94 3.95 3.95 3.96 3.96 3.96 3.96 3.96 3.96 3.96 3.95 3.95 3.94 3.94 3.92 3.91 3.88 3.86 3.83 3.80 3.77 3.74 3.70 3.67 3.63 3.60 3.56 3.53 3.49 3.45 3.42 3.38 3.34 3.30 3.27 3.23 3.19 3.15 3.12 3.08 3.04 3.01 2.97 2.92 2.87 2.82 2.78 2.73 2.68 2.64 2.60 2.55 2.51 2.47 2.43 2.40 2.36 2.32 2.29 2.26 2.22 2.19 2.16 2.13 2.10
3.70 3.72 3.74 3.76 3.78 3.80 3.82 3.84 3.86 3.87 3.89 3.91 3.92 3.93 3.95 3.96 3.97 3.98 3.99 4.00 4.01 4.01 4.02 4.02 4.02 4.03 4.03 4.03 4.03 4.02 4.02 4.01 3.99 3.97 3.94 3.92 3.89 3.86 3.83 3.80 3.77 3.74 3.70 3.67 3.64 3.60 3.57 3.53 3.49 3.46 3.42 3.38 3.34 3.31 3.27 3.23 3.20 3.16 3.12 3.08 3.04 3.00 2.95 2.90 2.85 2.80 2.75 2.71 2.66 2.62 2.58 2.53 2.49 2.46 2.42 2.38 2.34 2.31 2.28 2.24 2.21 2.18 2.15 2.12
3.73 3.76 3.78 3.80 3.82 3.84 3.86 3.88 3.90 3.92 3.94 3.95 3.97 3.98 4.00 4.01 4.03 4.04 4.05 4.06 4.07 4.07 4.08 4.09 4.09 4.09 4.09 4.09 4.09 4.08 4.06 4.04 4.02 4.00 3.97 3.95 3.92 3.90 3.87 3.84 3.81 3.77 3.74 3.71 3.67 3.64 3.61 3.57 3.53 3.50 3.46 3.42 3.39 3.35 3.31 3.27 3.24 3.20 3.16 3.12 3.07 3.02 2.97 2.92 2.87 2.82 2.77 2.73 2.68 2.64 2.60 2.56 2.52 2.48 2.44 2.40 2.36 2.33 2.30 2.26 2.23 2.20 2.17 2.14
3.77 3.79 3.81 3.84 3.86 3.88 3.91 3.93 3.95 3.97 3.99 4.00 4.02 4.04 4.06 4.07 4.08 4.10 4.11 4.12 4.13 4.14 4.15 4.15 4.15 4.16 4.15 4.14 4.12 4.11 4.09 4.07 4.05 4.03 4.01 3.98 3.96 3.93 3.90 3.87 3.84 3.81 3.78 3.75 3.71 3.68 3.65 3.61 3.57 3.54 3.50 3.47 3.43 3.39 3.35 3.32 3.28 3.24 3.20 3.15 3.09 3.04 2.99 2.94 2.89 2.84 2.80 2.75 2.71 2.66 2.62 2.58 2.54 2.50 2.46 2.42 2.38 2.35 2.31 2.28 2.25 2.22 2.19 2.16
3.80 3.83 3.85 3.88 3.90 3.93 3.95 3.97 4.00 4.02 4.04 4.06 4.08 4.10 4.11 4.13 4.15 4.16 4.17 4.18 4.19 4.20 4.20 4.20 4.19 4.19 4.18 4.16 4.15 4.14 4.12 4.10 4.08 4.06 4.04 4.02 3.99 3.97 3.94 3.91 3.88 3.85 3.82 3.79 3.75 3.72 3.69 3.65 3.62 3.58 3.55 3.51 3.47 3.44 3.40 3.36 3.32 3.27 3.22 3.17 3.11 3.06 3.01 2.96 2.91 2.86 2.82 2.77 2.73 2.68 2.64 2.60 2.56 2.52 2.48 2.44 2.40 2.37 2.33 2.30 2.27 2.23 2.20 2.17
3.84 3.87 3.90 3.92 3.95 3.97 4.00 4.02 4.05 4.07 4.09 4.12 4.14 4.16 4.17 4.19 4.21 4.22 4.23 4.23 4.23 4.23 4.23 4.23 4.22 4.21 4.20 4.19 4.18 4.16 4.15 4.13 4.11 4.09 4.07 4.05 4.03 4.00 3.98 3.95 3.92 3.89 3.86 3.83 3.80 3.76 3.73 3.70 3.66 3.63 3.59 3.55 3.52 3.48 3.44 3.40 3.35 3.29 3.24 3.19 3.14 3.08 3.03 2.98 2.93 2.88 2.84 2.79 2.75 2.70 2.66 2.62 2.58 2.54 2.50 2.46 2.42 2.39 2.35 2.32 2.28 2.25 2.22 2.19
3.88 3.91 3.94 3.97 4.00 4.02 4.05 4.08 4.10 4.13 4.15 4.17 4.19 4.21 4.23 4.24 4.24 4.25 4.25 4.26 4.26 4.26 4.25 4.25 4.24 4.24 4.23 4.22 4.21 4.19 4.18 4.16 4.15 4.13 4.11 4.09 4.06 4.04 4.01 3.99 3.96 3.93 3.90 3.87 3.84 3.81 3.77 3.74 3.71 3.67 3.63 3.60 3.56 3.52 3.47 3.42 3.37 3.31 3.26 3.21 3.15 3.10 3.05 3.00 2.95 2.90 2.86 2.81 2.77 2.72 2.68 2.64 2.59 2.55 2.52 2.48 2.44 2.40 2.37 2.33 2.30 2.27 2.24 2.21
3.93 3.96 3.99 4.02 4.05 4.08 4.10 4.13 4.15 4.18 4.20 4.21 4.22 4.24 4.25 4.26 4.26 4.27 4.27 4.28 4.28 4.28 4.28 4.27 4.27 4.26 4.26 4.25 4.24 4.23 4.21 4.20 4.18 4.16 4.14 4.12 4.10 4.08 4.05 4.03 4.00 3.97 3.94 3.91 3.88 3.85 3.82 3.78 3.75 3.72 3.68 3.64 3.60 3.55 3.49 3.44 3.39 3.33 3.28 3.23 3.17 3.12 3.07 3.02 2.97 2.92 2.88 2.83 2.78 2.74 2.70 2.65 2.61 2.57 2.53 2.49 2.46 2.42 2.39 2.35 2.32 2.29 2.25 2.22
3.97 4.00 4.03 4.06 4.09 4.12 4.14 4.16 4.18 4.20 4.21 4.23 4.24 4.25 4.26 4.27 4.28 4.29 4.30 4.30 4.30 4.30 4.30 4.30 4.30 4.29 4.29 4.28 4.27 4.26 4.25 4.23 4.22 4.20 4.18 4.16 4.14 4.12 4.09 4.07 4.04 4.02 3.99 3.96 3.93 3.90 3.86 3.83 3.80 3.76 3.72 3.67 3.62 3.57 3.51 3.46 3.40 3.35 3.30 3.24 3.19 3.14 3.09 3.04 2.99 2.94 2.89 2.85 2.80 2.76 2.71 2.67 2.63 2.59 2.55 2.51 2.47 2.44 2.40 2.37 2.33 2.30 2.27 2.24
4.01 4.04 4.06 4.09 4.11 4.13 4.16 4.17 4.19 4.21 4.23 4.24 4.26 4.27 4.28 4.29 4.30 4.31 4.32 4.32 4.33 4.33 4.33 4.33 4.33 4.32 4.32 4.31 4.30 4.29 4.28 4.27 4.25 4.24 4.22 4.20 4.18 4.16 4.14 4.11 4.09 4.06 4.03 4.00 3.97 3.94 3.91 3.88 3.84 3.79 3.74 3.69 3.63 3.58 3.53 3.47 3.42 3.37 3.31 3.26 3.21 3.16 3.11 3.06 3.01 2.96 2.91 2.87 2.82 2.78 2.73 2.69 2.65 2.61 2.57 2.53 2.49 2.45 2.42 2.38 2.35 2.32 2.29 2.26
4.02 4.05 4.07 4.10 4.12 4.14 4.17 4.19 4.21 4.23 4.24 4.26 4.28 4.29 4.30 4.31 4.32 4.33 4.34 4.35 4.35 4.36 4.36 4.36 4.36 4.35 4.35 4.34 4.34 4.33 4.32 4.31 4.29 4.28 4.26 4.24 4.22 4.20 4.18 4.16 4.13 4.11 4.08 4.05 4.02 3.99 3.95 3.91 3.86 3.81 3.75 3.70 3.65 3.59 3.54 3.49 3.43 3.38 3.33 3.28 3.22 3.17 3.12 3.07 3.02 2.98 2.93 2.88 2.84 2.79 2.75 2.71 2.66 2.62 2.58 2.54 2.51 2.47 2.43 2.40 2.37 2.33 2.30 2.27
4.03 4.06 4.08 4.11 4.13 4.16 4.18 4.20 4.22 4.24 4.26 4.28 4.29 4.31 4.32 4.34 4.35 4.36 4.37 4.37 4.38 4.38 4.39 4.39 4.39 4.39 4.38 4.38 4.37 4.37 4.36 4.35 4.33 4.32 4.30 4.29 4.27 4.25 4.23 4.20 4.18 4.15 4.12 4.09 4.06 4.01 3.97 3.92 3.87 3.81 3.76 3.71 3.66 3.61 3.55 3.50 3.45 3.39 3.34 3.29 3.24 3.19 3.14 3.09 3.04 2.99 2.94 2.90 2.85 2.81 2.76 2.72 2.68 2.64 2.60 2.56 2.52 2.49 2.45 2.41 2.38 2.35 2.32 2.28
4.04 4.07 4.09 4.12 4.14 4.17 4.19 4.22 4.24 4.26 4.28 4.30 4.31 4.33 4.35 4.36 4.37 4.38 4.39 4.40 4.41 4.42 4.42 4.42 4.42 4.42 4.42 4.42 4.41 4.41 4.40 4.39 4.38 4.36 4.35 4.33 4.31 4.29 4.27 4.25 4.22 4.19 4.16 4.11 4.07 4.02 3.97 3.92 3.87 3.82 3.77 3.72 3.67 3.62 3.56 3.51 3.46 3.41 3.36 3.30 3.25 3.20 3.15 3.10 3.05 3.01 2.96 2.91 2.87 2.82 2.78 2.74 2.69 2.65 2.61 2.57 2.54 2.50 2.46 2.43 2.39 2.36 2.33 2.30
4.05 4.08 4.10 4.13 4.16 4.18 4.21 4.23 4.25 4.28 4.30 4.32 4.34 4.35 4.37 4.39 4.40 4.41 4.42 4.43 4.44 4.45 4.45 4.46 4.46 4.46 4.46 4.46 4.45 4.45 4.44 4.43 4.42 4.41 4.39 4.38 4.36 4.34 4.31 4.28 4.24 4.20 4.16 4.12 4.07 4.03 3.98 3.93 3.88 3.83 3.78 3.73 3.68 3.63 3.57 3.52 3.47 3.42 3.37 3.32 3.27 3.22 3.17 3.12 3.07 3.02 2.97 2.93 2.88 2.84 2.79 2.75 2.71 2.67 2.63 2.59 2.55 2.51 2.48 2.44 2.41 2.38 2.34 2.31
4.06 4.09 4.12 4.14 4.17 4.20 4.22 4.25 4.27 4.30 4.32 4.34 4.36 4.38 4.40 4.41 4.43 4.44 4.45 4.46 4.47 4.48 4.49 4.49 4.50 4.50 4.50 4.50 4.49 4.49 4.48 4.47 4.46 4.45 4.43 4.42 4.39 4.36 4.32 4.28 4.25 4.21 4.16 4.12 4.08 4.03 3.98 3.94 3.89 3.84 3.79 3.74 3.69 3.64 3.58 3.53 3.48 3.43 3.38 3.33 3.28 3.23 3.18 3.13 3.08 3.03 2.99 2.94 2.89 2.85 2.81 2.76 2.72 2.68 2.64 2.60 2.56 2.53 2.49 2.46 2.42 2.39 2.36 2.33
4.07 4.10 4.13 4.16 4.19 4.22 4.24 4.27 4.29 4.32 4.34 4.36 4.39 4.41 4.42 4.44 4.46 4.47 4.49 4.50 4.51 4.52 4.53 4.53 4.54 4.54 4.54 4.54 4.54 4.53 4.52 4.51 4.49 4.47 4.45 4.42 4.39 4.35 4.32 4.28 4.24 4.20 4.16 4.12 4.08 4.03 3.99 3.94 3.89 3.84 3.79 3.74 3.69 3.64 3.59 3.54 3.49 3.44 3.39 3.34 3.29 3.24 3.19 3.14 3.09 3.05 3.00 2.95 2.91 2.86 2.82 2.78 2.73 2.69 2.65 2.61 2.58 2.54 2.50 2.47 2.43 2.40 2.37 2.34
4.08 4.11 4.14 4.17 4.20 4.23 4.26 4.29 4.32 4.34 4.37 4.39 4.41 4.43 4.45 4.47 4.49 4.51 4.52 4.53 4.55 4.56 4.56 4.57 4.58 4.58 4.58 4.58 4.57 4.55 4.53 4.52 4.49 4.47 4.44 4.41 4.38 4.35 4.31 4.28 4.24 4.20 4.16 4.12 4.08 4.03 3.99 3.94 3.90 3.85 3.80 3.75 3.70 3.65 3.60 3.55 3.50 3.45 3.40 3.35 3.30 3.25 3.20 3.15 3.10 3.06 3.01 2.96 2.92 2.87 2.83 2.79 2.75 2.71 2.67 2.63 2.59 2.55 2.52 2.48 2.45 2.41 2.38 2.35
4.10 4.13 4.16 4.19 4.22 4.25 4.28 4.31 4.34 4.37 4.39 4.42 4.44 4.46 4.49 4.51 4.52 4.54 4.56 4.57 4.58 4.59 4.60 4.60 4.60 4.59 4.58 4.57 4.56 4.54 4.53 4.50 4.48 4.46 4.43 4.40 4.37 4.34 4.31 4.27 4.24 4.20 4.16 4.12 4.08 4.03 3.99 3.94 3.90 3.85 3.80 3.76 3.71 3.66 3.61 3.56 3.51 3.46 3.41 3.36 3.31 3.26 3.21 3.16 3.12 3.07 3.02 2.98 2.93 2.89 2.84 2.80 2.76 2.72 2.68 2.64 2.60 2.56 2.53 2.49 2.46 2.42 2.39 2.36
4.11 4.14 4.18 4.21 4.24 4.28 4.31 4.34 4.37 4.39 4.42 4.45 4.47 4.50 4.52 4.54 4.55 4.57 4.59 4.59 4.60 4.60 4.60 4.59 4.59 4.58 4.57 4.56 4.55 4.53 4.51 4.49 4.47 4.45 4.42 4.39 4.37 4.33 4.30 4.27 4.23 4.20 4.16 4.12 4.08 4.03 3.99 3.95 3.90 3.85 3.81 3.76 3.71 3.66 3.61 3.56 3.51 3.47 3.42 3.37 3.32 3.27 3.22 3.17 3.12 3.08 3.03 2.99 2.94 2.90 2.85 2.81 2.77 2.73 2.69 2.65 2.61 2.57 2.54 2.50 2.47 2.44 2.40 2.37
4.13 4.16 4.20 4.23 4.27 4.30 4.33 4.36 4.39 4.42 4.45 4.47 4.50 4.52 4.53 4.55 4.56 4.57 4.57 4.58 4.58 4.58 4.58 4.58 4.57 4.56 4.56 4.54 4.53 4.52 4.50 4.48 4.46 4.44 4.41 4.39 4.36 4.33 4.30 4.26 4.23 4.19 4.15 4.11 4.07 4.03 3.99 3.95 3.90 3.86 3.81 3.76 3.71 3.67 3.62 3.57 3.52 3.47 3.42 3.37 3.33 3.28 3.23 3.18 3.13 3.09 3.04 3.00 2.95 2.91 2.86 2.82 2.78 2.74 2.70 2.66 2.62 2.58 2.55 2.51 2.48 2.45 2.41 2.38
4.15 4.18 4.22 4.25 4.29 4.32 4.35 4.38 4.41 4.43 4.45 4.47 4.49 4.50 4.52 4.53 4.54 4.55 4.55 4.56 4.56 4.56 4.56 4.56 4.55 4.55 4.54 4.53 4.52 4.50 4.48 4.47 4.45 4.42 4.40 4.37 4.35 4.32 4.29 4.26 4.22 4.19 4.15 4.11 4.07 4.03 3.99 3.94 3.90 3.86 3.81 3.76 3.72 3.67 3.62 3.57 3.53 3.48 3.43 3.38 3.33 3.28 3.24 3.19 3.14 3.10 3.05 3.00 2.96 2.91 2.87 2.83 2.79 2.75 2.71 2.67 2.63 2.59 2.56 2.52 2.49 2.45 2.42 2.39
4.16 4.20 4.23 4.26 4.29 4.32 4.34 4.37 4.39 4.41 4.43 4.45 4.47 4.48 4.49 4.51 4.52 4.52 4.53 4.54 4.54 4.54 4.54 4.54 4.53 4.53 4.52 4.51 4.50 4.49 4.47 4.45 4.43 4.41 4.39 4.36 4.34 4.31 4.28 4.25 4.21 4.18 4.14 4.11 4.07 4.03 3.99 3.94 3.90 3.86 3.81 3.77 3.72 3.67 3.63 3.58 3.53 3.48 3.43 3.39 3.34 3.29 3.24 3.20 3.15 3.10 3.06 3.01 2.97 2.92 2.88 2.84 2.80 2.75 2.71 2.68 2.64 2.60 2.56 2.53 2.50 2.46 2.43 2.40
4.15 4.19 4.22 4.24 4.27 4.30 4.32 4.34 4.37 4.39 4.41 4.42 4.44 4.46 4.47 4.48 4.49 4.50 4.51 4.52 4.52 4.52 4.52 4.52 4.52 4.51 4.50 4.49 4.48 4.47 4.45 4.44 4.42 4.40 4.38 4.35 4.33 4.30 4.27 4.24 4.21 4.17 4.14 4.10 4.06 4.02 3.98 3.94 3.90 3.86 3.81 3.77 3.72 3.67 3.63 3.58 3.53 3.49 3.44 3.39 3.34 3.30 3.25 3.20 3.16 3.11 3.06 3.02 2.97 2.93 2.89 2.84 2.80 2.76 2.72 2.68 2.65 2.61 2.57 2.54 2.50 2.47 2.44 2.41
4.13 4.16 4.19 4.22 4.24 4.27 4.29 4.32 4.34 4.36 4.38 4.40 4.42 4.43 4.45 4.46 4.47 4.48 4.49 4.49 4.50 4.50 4.50 4.50 4.50 4.49 4.48 4.48 4.47 4.45 4.44 4.42 4.40 4.39 4.36 4.34 4.31 4.29 4.26 4.23 4.20 4.17 4.13 4.09 4.06 4.02 3.98 3.94 3.90 3.85 3.81 3.77 3.72 3.68 3.63 3.58 3.54 3.49 3.44 3.40 3.35 3.30 3.25 3.21 3.16 3.12 3.07 3.03 2.98 2.94 2.89 2.85 2.81 2.77 2.73 2.69 2.65 2.62 2.58 2.54 2.51 2.48 2.45 2.42
4.11 4.13 4.16 4.19 4.22 4.24 4.27 4.29 4.32 4.34 4.36 4.38 4.39 4.41 4.42 4.44 4.45 4.46 4.46 4.47 4.48 4.48 4.48 4.48 4.48 4.47 4.47 4.46 4.45 4.44 4.42 4.41 4.39 4.37 4.35 4.33 4.30 4.28 4.25 4.22 4.19 4.16 4.12 4.09 4.05 4.01 3.98 3.94 3.89 3.85 3.81 3.77 3.72 3.68 3.63 3.59 3.54 3.49 3.45 3.40 3.35 3.31 3.26 3.21 3.17 3.12 3.08 3.03 2.99 2.94 2.90 2.86 2.82 2.78 2.74 2.70 2.66 2.62 2.59 2.55 2.52 2.48 2.45 2.42
4.08 4.11 4.14 4.17 4.19 4.22 4.24 4.27 4.29 4.31 4.33 4.35 4.37 4.38 4.40 4.41 4.42 4.43 4.44 4.45 4.45 4.46 4.46 4.46 4.46 4.45 4.45 4.44 4.43 4.42 4.41 4.39 4.37 4.36 4.34 4.31 4.29 4.27 4.24 4.21 4.18 4.15 4.12 4.08 4.05 4.01 3.97 3.93 3.89 3.85 3.81 3.77 3.72 3.68 3.63 3.59 3.54 3.50 3.45 3.40 3.36 3.31 3.26 3.22 3.17 3.13 3.08 3.04 2.99 2.95 2.91 2.86 2.82 2.78 2.74 2.70 2.66 2.63 2.59 2.56 2.52 2.49 2.46 2.43
4.05 4.08 4.11 4.14 4.17 4.19 4.22 4.24 4.26 4.29 4.31 4.33 4.34 4.36 4.37 4.39 4.40 4.41 4.42 4.43 4.43 4.43 4.44 4.44 4.44 4.43 4.43 4.42 4.41 4.40 4.39 4.37 4.36 4.34 4.32 4.30 4.28 4.25 4.23 4.20 4.17 4.14 4.11 4.07 4.04 4.00 3.97 3.93 3.89 3.85 3.81 3.76 3.72 3.68 3.63 3.59 3.54 3.50 3.45 3.41 3.36 3.31 3.27 3.22 3.18 3.13 3.09 3.04 3.00 2.95 2.91 2.87 2.83 2.79 2.75 2.71 2.67 2.63 2.60 2.56 2.53 2.49 2.46 2.43
