Australia Fires/latest (1).grid
ncols 886
nrows 691
xllcenter 112.0000
yllcenter -44.5000
cellsize 0.0500
nodata_value 99999.90
[rows 612 to 645 of 691, columns 693 to 769 of 886]
20.28 20.30 20.33 20.37 20.41 20.47 20.51 20.57 20.61 20.66 20.70 20.73 20.76 20.76 20.76 20.74 20.72 20.68 20.62 20.56 20.47 20.37 20.26 20.14 20.00 19.85 19.69 19.52 19.36 19.22 19.10 19.02 18.96 18.92 18.88 18.84 18.80 18.75 18.71 18.66 18.61 18.56 18.50 18.44 18.39 18.32 18.26 18.19 18.13 18.06 18.00 17.98 18.07 18.18 18.29 18.36 18.41 18.45 18.48 18.48 18.47 18.46 18.44 18.41 18.37 18.32 18.27 18.21 18.16 18.10 18.04 17.97 17.91 17.85 17.78 17.71 17.64
20.44 20.47 20.51 20.56 20.60 20.66 20.72 20.77 20.83 20.88 20.92 20.96 20.99 20.99 20.99 20.97 20.94 20.89 20.83 20.75 20.65 20.54 20.42 20.28 20.13 19.95 19.78 19.59 19.39 19.21 19.09 19.01 18.98 18.94 18.91 18.87 18.83 18.79 18.75 18.70 18.65 18.60 18.54 18.48 18.42 18.36 18.29 18.23 18.15 18.09 18.01 17.96 18.02 18.13 18.24 18.32 18.38 18.42 18.45 18.47 18.47 18.46 18.44 18.40 18.37 18.33 18.28 18.23 18.17 18.11 18.05 17.99 17.92 17.86 17.79 17.72 17.66
20.61 20.65 20.69 20.74 20.79 20.86 20.93 21.00 21.05 21.12 21.16 21.19 21.22 21.23 21.23 21.21 21.17 21.12 21.04 20.96 20.86 20.73 20.60 20.45 20.28 20.09 19.90 19.68 19.45 19.23 19.08 19.05 19.02 18.99 18.96 18.92 18.89 18.83 18.79 18.74 18.70 18.64 18.58 18.52 18.46 18.39 18.32 18.26 18.18 18.12 18.04 17.98 17.97 18.07 18.18 18.28 18.35 18.40 18.43 18.46 18.46 18.46 18.44 18.41 18.38 18.34 18.28 18.24 18.18 18.12 18.07 18.00 17.93 17.87 17.80 17.74 17.67
20.78 20.82 20.87 20.93 21.00 21.07 21.15 21.23 21.29 21.35 21.40 21.45 21.47 21.49 21.49 21.46 21.43 21.36 21.28 21.19 21.08 20.95 20.80 20.64 20.46 20.27 20.05 19.79 19.59 19.34 19.18 19.15 19.12 19.08 19.03 19.00 18.96 18.90 18.86 18.81 18.75 18.69 18.63 18.57 18.50 18.43 18.36 18.29 18.21 18.15 18.07 18.00 17.95 18.02 18.13 18.24 18.32 18.38 18.42 18.44 18.46 18.45 18.44 18.42 18.39 18.34 18.30 18.25 18.19 18.13 18.07 18.01 17.95 17.88 17.82 17.74 17.68
20.96 21.00 21.05 21.12 21.20 21.29 21.37 21.45 21.53 21.60 21.66 21.71 21.74 21.76 21.75 21.73 21.68 21.62 21.54 21.44 21.32 21.18 21.02 20.86 20.67 20.47 20.10 19.77 19.64 19.49 19.43 19.34 19.26 19.20 19.14 19.09 19.05 18.99 18.94 18.88 18.82 18.76 18.69 18.62 18.55 18.48 18.40 18.34 18.26 18.18 18.11 18.03 17.96 17.98 18.09 18.20 18.29 18.36 18.40 18.43 18.45 18.45 18.44 18.41 18.38 18.35 18.30 18.25 18.20 18.14 18.08 18.01 17.95 17.89 17.82 17.76 17.69
21.14 21.19 21.25 21.32 21.40 21.49 21.59 21.69 21.79 21.86 21.93 21.98 22.01 22.03 22.03 22.01 21.96 21.90 21.81 21.70 21.35 21.43 21.27 21.10 20.91 20.70 20.33 19.83 19.77 19.71 19.57 19.50 19.45 19.36 19.28 19.21 19.15 19.09 19.03 18.97 18.91 18.83 18.76 18.69 18.61 18.54 18.46 18.38 18.30 18.22 18.14 18.06 17.98 17.95 18.05 18.17 18.26 18.33 18.39 18.42 18.44 18.44 18.44 18.41 18.39 18.34 18.30 18.26 18.20 18.14 18.09 18.03 17.95 17.89 17.83 17.76 17.69
21.33 21.38 21.43 21.52 21.61 21.72 21.83 21.94 22.05 22.13 22.21 22.26 22.30 22.32 22.32 22.30 22.25 22.19 22.09 21.94 21.75 21.62 21.48 21.25 21.04 20.90 20.68 20.36 20.19 20.05 19.64 19.50 19.63 19.54 19.44 19.35 19.28 19.21 19.14 19.07 19.00 18.92 18.84 18.77 18.68 18.60 18.51 18.43 18.35 18.26 18.19 18.10 18.01 17.96 18.03 18.15 18.24 18.31 18.38 18.41 18.44 18.44 18.43 18.41 18.39 18.35 18.31 18.25 18.20 18.15 18.08 18.03 17.96 17.90 17.84 17.76 17.70
21.53 21.57 21.63 21.71 21.83 21.95 22.08 22.21 22.32 22.42 22.49 22.56 22.60 22.62 22.58 22.60 22.55 22.49 22.33 22.06 21.93 21.56 21.47 21.26 21.21 21.05 20.76 20.70 20.26 20.30 20.08 19.83 19.68 19.75 19.61 19.52 19.43 19.36 19.28 19.19 19.11 19.02 18.93 18.84 18.76 18.67 18.58 18.50 18.41 18.32 18.23 18.14 18.06 17.99 18.02 18.12 18.23 18.31 18.36 18.40 18.43 18.43 18.42 18.41 18.38 18.35 18.30 18.26 18.20 18.15 18.09 18.02 17.96 17.90 17.83 17.77 17.70
21.75 21.79 21.83 21.92 22.05 22.21 22.35 22.40 22.39 22.71 22.80 22.86 22.81 22.74 22.88 22.91 22.86 22.73 22.63 22.35 22.08 21.65 21.55 21.24 21.06 20.99 19.74 20.87 20.68 20.31 20.33 20.09 19.94 19.80 19.82 19.71 19.62 19.53 19.43 19.33 19.23 19.13 19.03 18.94 18.84 18.75 18.65 18.55 18.46 18.37 18.28 18.19 18.10 18.03 18.02 18.12 18.22 18.30 18.36 18.39 18.43 18.43 18.42 18.41 18.38 18.34 18.31 18.26 18.20 18.15 18.09 18.03 17.97 17.89 17.83 17.77 17.70
22.00 22.04 22.07 22.15 22.12 22.27 22.33 22.53 22.45 22.78 22.65 22.85 22.90 23.14 22.97 22.82 23.11 22.94 22.83 22.56 21.71 21.48 21.33 21.72 21.40 21.21 21.30 20.77 20.54 20.61 20.60 20.49 20.42 20.28 20.11 19.95 19.83 19.71 19.59 19.48 19.36 19.25 19.14 19.04 18.93 18.83 18.73 18.63 18.54 18.43 18.34 18.25 18.15 18.07 18.03 18.12 18.21 18.30 18.36 18.40 18.42 18.43 18.42 18.41 18.38 18.34 18.31 18.26 18.20 18.15 18.09 18.02 17.96 17.90 17.83 17.76 17.69
21.99 22.30 22.18 22.48 22.41 22.25 22.64 22.63 22.83 23.18 22.60 22.97 23.07 23.17 23.35 22.77 23.29 23.18 22.84 22.83 22.70 22.07 21.81 21.19 21.66 21.60 21.32 20.20 20.99 20.49 20.43 20.50 20.47 20.59 20.39 20.23 20.06 19.91 19.78 19.64 19.51 19.38 19.26 19.14 19.04 18.92 18.81 18.71 18.60 18.50 18.41 18.31 18.21 18.12 18.06 18.13 18.23 18.30 18.36 18.40 18.42 18.43 18.42 18.40 18.38 18.35 18.30 18.26 18.20 18.15 18.08 18.02 17.95 17.89 17.83 17.76 17.70
22.05 22.07 22.58 22.80 23.01 23.07 22.60 22.98 22.78 23.16 22.93 22.89 22.53 23.55 23.33 23.03 23.26 23.12 22.84 22.88 22.89 21.78 22.20 21.78 21.19 21.39 19.85 18.23 20.77 20.89 20.96 20.82 20.89 20.90 20.69 20.48 20.30 20.12 19.96 19.81 19.66 19.52 19.39 19.27 19.14 19.02 18.91 18.80 18.69 18.59 18.48 18.38 18.28 18.18 18.11 18.16 18.25 18.31 18.37 18.41 18.43 18.43 18.43 18.41 18.38 18.34 18.30 18.25 18.20 18.14 18.08 18.01 17.95 17.88 17.82 17.75 17.69
22.34 21.41 22.61 23.02 23.29 23.45 23.48 23.42 23.47 23.44 23.29 22.83 23.10 22.83 23.35 22.08 23.31 23.26 23.34 22.00 22.09 22.28 21.56 20.43 20.35 20.44 19.51 18.14 19.97 21.23 21.18 20.87 21.19 21.21 20.98 20.75 20.53 20.33 20.14 19.97 19.81 19.66 19.52 19.39 19.25 19.13 19.01 18.89 18.77 18.67 18.56 18.45 18.35 18.25 18.17 18.20 18.27 18.34 18.38 18.42 18.44 18.44 18.43 18.41 18.38 18.34 18.29 18.25 18.19 18.13 18.07 18.00 17.94 17.88 17.81 17.74 17.68
22.23 22.42 21.78 22.89 23.50 23.64 23.96 23.90 22.46 22.07 23.91 23.64 23.10 21.28 22.21 22.29 23.17 22.87 22.68 19.19 21.79 22.31 22.27 22.01 18.98 21.01 20.75 20.73 21.24 21.74 21.02 21.50 21.44 21.44 21.25 20.99 20.75 20.52 20.32 20.14 19.97 19.80 19.64 19.50 19.37 19.24 19.11 18.99 18.87 18.76 18.64 18.53 18.43 18.33 18.24 18.24 18.31 18.36 18.41 18.43 18.45 18.45 18.42 18.41 18.38 18.34 18.29 18.23 18.18 18.12 18.06 18.00 17.93 17.87 17.80 17.73 17.66
22.84 22.84 22.10 22.71 23.78 24.05 24.19 24.10 24.43 23.67 23.19 23.13 21.94 20.35 21.80 21.32 21.11 20.09 19.96 18.00 21.63 22.59 19.75 21.19 20.56 20.62 22.23 22.00 20.90 21.52 21.79 21.75 21.95 21.40 21.47 21.19 20.94 20.70 20.49 20.29 20.11 19.93 19.78 19.62 19.48 19.35 19.22 19.09 18.96 18.85 18.73 18.63 18.51 18.41 18.32 18.30 18.35 18.39 18.43 18.45 18.46 18.45 18.43 18.40 18.37 18.33 18.28 18.22 18.17 18.11 18.05 17.98 17.91 17.85 17.79 17.71 17.65
23.24 22.70 22.70 23.22 23.99 23.72 23.93 23.92 24.76 24.79 23.54 22.80 22.58 23.03 22.45 21.11 20.66 21.64 20.29 19.79 18.96 19.34 19.11 19.28 18.94 19.68 18.99 18.93 20.96 22.00 21.69 22.01 21.70 21.89 21.63 21.35 21.09 20.86 20.64 20.43 20.25 20.07 19.91 19.75 19.60 19.45 19.32 19.19 19.07 18.95 18.83 18.72 18.60 18.50 18.40 18.35 18.39 18.43 18.46 18.47 18.48 18.46 18.44 18.41 18.37 18.33 18.27 18.22 18.16 18.09 18.04 17.97 17.91 17.83 17.77 17.70 17.63
23.51 23.03 22.97 23.26 24.18 24.11 23.99 24.32 24.39 25.29 25.18 24.12 23.35 23.49 19.71 18.17 19.99 20.38 22.22 20.64 19.13 21.92 17.55 19.89 22.21 21.31 21.35 20.02 22.32 22.62 21.70 21.16 21.92 22.01 21.74 21.48 21.23 21.00 20.77 20.57 20.37 20.20 20.03 19.87 19.72 19.57 19.43 19.30 19.17 19.05 18.93 18.82 18.70 18.59 18.49 18.42 18.45 18.47 18.50 18.50 18.48 18.47 18.45 18.40 18.36 18.32 18.26 18.20 18.14 18.09 18.02 17.95 17.89 17.81 17.75 17.69 17.61
22.32 23.51 23.87 24.13 24.66 24.72 24.74 24.50 24.40 24.76 25.16 25.24 24.25 23.45 22.16 20.58 22.38 21.62 20.89 22.08 19.06 21.75 22.07 22.41 21.41 22.54 22.26 21.45 22.04 22.46 22.64 22.46 22.10 22.05 21.81 21.57 21.34 21.11 20.89 20.69 20.50 20.32 20.15 19.98 19.83 19.68 19.55 19.41 19.28 19.15 19.02 18.91 18.79 18.69 18.58 18.51 18.51 18.52 18.52 18.52 18.50 18.48 18.45 18.41 18.36 18.30 18.25 18.19 18.14 18.07 18.00 17.94 17.87 17.80 17.73 17.67 17.59
23.59 23.78 24.33 24.72 24.99 24.98 25.00 25.18 24.44 25.03 24.83 25.37 25.30 24.40 23.52 23.17 22.91 23.18 21.47 19.98 18.61 19.11 21.24 22.85 21.84 22.46 22.61 22.56 22.53 22.66 21.66 22.10 22.29 22.12 21.89 21.66 21.43 21.21 20.99 20.79 20.61 20.42 20.25 20.09 19.93 19.79 19.65 19.51 19.38 19.25 19.12 19.01 18.89 18.78 18.67 18.59 18.57 18.57 18.56 18.55 18.53 18.49 18.45 18.40 18.36 18.30 18.24 18.18 18.12 18.05 17.98 17.91 17.85 17.78 17.71 17.64 17.57
23.55 23.81 24.65 24.90 24.96 25.21 25.16 25.32 25.12 25.47 24.93 24.90 25.47 25.11 24.52 22.01 23.47 21.81 20.69 17.39 15.80 16.65 21.96 22.51 17.26 21.31 22.25 22.91 21.43 19.58 19.81 20.97 20.99 22.21 21.97 21.73 21.50 21.29 21.08 20.89 20.70 20.52 20.35 20.19 20.03 19.89 19.74 19.61 19.47 19.34 19.22 19.10 18.99 18.87 18.76 18.66 18.64 18.63 18.61 18.58 18.54 18.50 18.45 18.40 18.35 18.29 18.23 18.17 18.10 18.03 17.96 17.89 17.82 17.75 17.69 17.62 17.54
24.05 24.14 24.11 23.79 25.13 25.15 25.26 25.29 25.30 25.38 25.28 25.51 25.36 25.27 24.88 24.14 23.87 22.29 20.84 20.62 16.22 15.58 15.90 21.22 22.27 22.23 22.98 23.14 22.71 22.38 21.99 21.46 19.85 21.17 22.03 21.79 21.57 21.35 21.15 20.96 20.78 20.60 20.43 20.28 20.12 19.98 19.84 19.70 19.56 19.43 19.32 19.19 19.08 18.96 18.85 18.75 18.71 18.67 18.64 18.60 18.55 18.51 18.45 18.40 18.34 18.28 18.21 18.15 18.08 18.01 17.94 17.86 17.80 17.73 17.66 17.59 17.52
23.51 19.53 21.84 21.29 22.58 25.24 25.37 25.31 25.42 25.39 25.54 25.32 25.50 25.49 25.34 25.04 23.74 22.61 21.73 22.89 20.73 20.09 20.86 21.78 23.36 23.55 23.43 21.94 18.74 18.50 19.76 19.62 21.91 22.32 22.07 21.83 21.61 21.40 21.21 21.02 20.84 20.67 20.51 20.35 20.19 20.05 19.92 19.78 19.64 19.52 19.39 19.28 19.15 19.04 18.93 18.84 18.77 18.73 18.68 18.62 18.58 18.52 18.45 18.40 18.32 18.26 18.19 18.13 18.06 17.99 17.91 17.84 17.77 17.70 17.63 17.56 17.49
23.09 21.16 22.73 22.12 23.78 25.19 25.29 25.44 25.44 25.63 25.63 25.55 25.40 25.54 25.62 25.14 24.79 25.04 24.13 23.44 21.75 21.12 21.44 23.54 24.05 22.39 21.62 19.20 19.10 20.11 20.26 20.23 21.81 22.33 22.08 21.85 21.64 21.43 21.25 21.06 20.89 20.73 20.57 20.41 20.26 20.12 19.98 19.84 19.72 19.59 19.47 19.35 19.23 19.11 19.01 18.91 18.83 18.77 18.71 18.64 18.59 18.52 18.45 18.39 18.31 18.24 18.18 18.11 18.03 17.96 17.89 17.81 17.74 17.67 17.61 17.53 17.46
19.43 17.86 19.20 18.89 20.40 24.85 25.41 25.52 25.58 25.61 25.66 25.70 24.85 25.58 25.61 25.58 25.44 25.22 22.84 22.92 24.19 24.08 24.17 23.73 22.42 18.00 19.98 20.22 22.30 21.01 19.52 21.60 22.36 22.32 22.07 21.84 21.64 21.45 21.27 21.09 20.93 20.76 20.61 20.46 20.31 20.17 20.03 19.91 19.77 19.65 19.53 19.41 19.30 19.19 19.08 18.97 18.88 18.81 18.74 18.66 18.60 18.52 18.44 18.38 18.30 18.23 18.16 18.07 18.00 17.92 17.86 17.79 17.71 17.64 17.57 17.50 17.42
18.23 19.72 19.47 19.05 19.62 23.57 24.98 25.55 25.63 25.67 25.68 25.79 25.66 25.71 24.95 25.55 25.51 25.34 24.98 24.61 24.82 24.66 24.44 23.49 22.58 23.27 23.20 23.01 19.53 21.13 21.77 21.34 22.01 22.26 22.02 21.81 21.63 21.45 21.27 21.11 20.94 20.78 20.63 20.49 20.35 20.20 20.07 19.95 19.82 19.69 19.57 19.46 19.35 19.24 19.13 19.03 18.93 18.84 18.76 18.67 18.59 18.52 18.44 18.35 18.28 18.20 18.12 18.05 17.97 17.90 17.82 17.75 17.68 17.60 17.54 17.46 17.39
18.10 19.70 19.63 19.58 19.19 18.39 18.87 23.08 25.28 24.79 25.09 25.66 25.78 25.85 25.79 25.70 25.66 25.29 23.64 23.42 22.02 22.81 23.94 23.33 23.37 22.37 21.76 21.87 21.76 22.29 22.18 21.88 22.20 22.16 21.95 21.77 21.59 21.42 21.26 21.10 20.95 20.79 20.64 20.51 20.36 20.23 20.10 19.97 19.85 19.73 19.61 19.49 19.39 19.27 19.16 19.07 18.96 18.86 18.77 18.68 18.59 18.50 18.42 18.34 18.25 18.17 18.10 18.02 17.94 17.87 17.79 17.71 17.64 17.57 17.49 17.43 17.36
19.63 19.55 19.45 18.99 18.79 19.49 19.58 20.55 20.78 25.35 23.99 25.02 25.65 24.82 25.83 25.74 25.26 25.39 24.85 23.53 22.01 20.72 21.21 19.32 18.27 20.38 22.22 23.02 22.11 22.71 21.11 20.45 22.26 21.75 21.90 21.73 21.56 21.39 21.24 21.08 20.92 20.78 20.63 20.50 20.36 20.23 20.10 19.98 19.85 19.74 19.62 19.52 19.40 19.30 19.19 19.09 18.99 18.88 18.78 18.68 18.58 18.49 18.40 18.31 18.23 18.14 18.06 17.98 17.91 17.83 17.75 17.68 17.61 17.53 17.46 17.38 17.32
19.49 19.17 19.14 19.01 18.32 19.79 19.87 19.81 22.59 23.35 22.20 22.75 25.26 23.88 24.88 23.40 25.37 25.44 25.00 22.63 21.66 21.12 21.22 19.77 19.31 20.85 22.19 22.55 22.78 22.69 22.57 22.57 22.26 21.88 21.87 21.69 21.52 21.36 21.20 21.05 20.90 20.75 20.61 20.48 20.34 20.21 20.10 19.97 19.86 19.73 19.63 19.52 19.41 19.30 19.20 19.11 18.99 18.88 18.77 18.66 18.56 18.47 18.37 18.29 18.19 18.11 18.03 17.95 17.86 17.79 17.72 17.64 17.56 17.49 17.42 17.35 17.27
18.89 18.80 18.83 19.00 19.39 19.69 19.71 19.34 23.13 21.06 20.56 18.80 24.63 25.16 24.71 23.72 25.40 25.11 24.81 22.54 21.41 21.45 20.63 20.30 19.40 22.12 22.38 23.38 23.24 22.63 22.75 22.37 22.22 22.04 21.83 21.64 21.47 21.30 21.14 20.99 20.85 20.71 20.57 20.43 20.31 20.18 20.06 19.95 19.83 19.72 19.61 19.50 19.40 19.30 19.20 19.10 18.98 18.87 18.75 18.64 18.54 18.43 18.35 18.25 18.17 18.07 17.99 17.91 17.83 17.75 17.67 17.59 17.53 17.45 17.38 17.30 17.24
18.63 19.92 19.44 19.85 19.99 19.19 19.03 19.19 20.93 20.62 19.89 19.64 21.79 24.82 24.90 24.86 24.33 25.01 24.45 23.39 22.52 22.10 19.85 20.89 19.61 21.90 23.07 23.21 23.21 22.51 22.68 22.36 21.65 21.98 21.77 21.57 21.39 21.23 21.08 20.92 20.79 20.64 20.51 20.38 20.26 20.13 20.01 19.90 19.78 19.68 19.58 19.47 19.37 19.28 19.18 19.08 18.96 18.84 18.73 18.61 18.50 18.41 18.31 18.21 18.12 18.03 17.95 17.86 17.78 17.70 17.63 17.55 17.48 17.40 17.33 17.26 17.19
18.85 19.57 20.29 19.55 20.24 20.50 20.62 21.18 18.98 20.32 20.36 20.29 20.55 23.77 24.75 24.69 24.72 24.68 24.30 23.52 21.88 22.00 20.08 20.38 19.87 20.95 22.71 22.72 22.95 22.85 22.60 22.34 21.86 21.36 21.67 21.48 21.30 21.14 20.99 20.83 20.70 20.56 20.43 20.30 20.18 20.06 19.95 19.84 19.73 19.62 19.52 19.42 19.32 19.23 19.13 19.04 18.92 18.80 18.68 18.57 18.46 18.36 18.26 18.16 18.08 17.98 17.90 17.82 17.74 17.66 17.58 17.51 17.43 17.35 17.28 17.22 17.14
19.72 19.64 22.09 20.05 20.71 20.75 20.39 19.79 19.28 20.21 20.07 20.03 20.31 23.30 24.19 24.44 24.45 24.11 24.01 22.63 21.48 22.73 21.82 21.76 20.96 20.40 21.61 22.18 22.49 22.69 22.44 22.20 21.97 20.46 21.56 21.36 21.19 21.03 20.88 20.73 20.59 20.46 20.33 20.21 20.09 19.98 19.87 19.76 19.65 19.55 19.45 19.35 19.26 19.17 19.08 18.98 18.86 18.74 18.63 18.52 18.41 18.31 18.22 18.12 18.03 17.93 17.85 17.77 17.69 17.61 17.53 17.46 17.38 17.30 17.24 17.17 17.09
19.50 19.78 21.12 22.44 21.38 21.60 21.49 19.64 20.36 20.55 19.82 19.70 20.08 21.76 22.33 23.75 22.86 23.16 23.34 22.32 22.92 22.89 21.78 19.84 19.91 20.86 21.26 21.92 22.74 22.50 22.26 22.03 21.82 21.43 20.42 21.24 21.06 20.91 20.75 20.61 20.47 20.34 20.22 20.10 19.98 19.87 19.76 19.66 19.56 19.46 19.36 19.27 19.18 19.09 19.00 18.91 18.79 18.68 18.57 18.46 18.35 18.25 18.15 18.06 17.97 17.88 17.80 17.72 17.64 17.56 17.48 17.41 17.33 17.25 17.18 17.12 17.05
20.00 20.23 22.07 23.01 22.27 21.80 22.11 20.85 20.75 20.54 19.65 19.76 20.70 21.78 21.66 22.05 22.77 22.22 22.36 21.78 20.46 21.43 20.46 20.39 19.74 20.27 21.52 22.63 22.53 22.30 22.08 21.86 21.65 20.29 21.26 21.09 20.92 20.76 20.61 20.47 20.34 20.20 20.09 19.97 19.85 19.74 19.65 19.55 19.45 19.35 19.26 19.17 19.09 19.00 18.91 18.81 18.71 18.59 18.49 18.38 18.28 18.19 18.09 18.01 17.91 17.83 17.75 17.66 17.58 17.50 17.42 17.36 17.28 17.20 17.13 17.07 16.99
