Australia Fires/latest (1).grid
ncols 886
nrows 691
xllcenter 112.0000
yllcenter -44.5000
cellsize 0.0500
nodata_value 99999.90
[rows 374 to 407 of 691, columns 462 to 538 of 886]
34.47 34.48 34.49 34.66 34.74 34.92 34.97 35.05 35.08 35.18 35.29 35.36 35.46 35.45 35.43 35.43 35.46 35.53 35.55 35.26 35.41 35.66 35.81 35.95 35.97 36.09 36.16 36.27 36.36 36.44 36.59 36.60 36.69 36.70 36.79 36.95 37.01 37.12 37.16 37.19 37.24 37.28 37.31 37.35 37.35 37.40 37.46 37.50 37.55 37.58 37.62 37.66 37.56 37.72 37.71 37.74 37.74 37.78 37.75 37.82 37.76 37.81 37.81 37.86 37.86 37.89 37.83 37.88 37.93 37.92 37.94 37.89 37.90 37.90 37.93 37.92 37.82
34.42 34.46 34.52 34.56 34.63 34.83 34.94 34.97 35.03 35.00 35.17 35.26 35.40 35.37 35.37 35.39 35.40 35.55 35.49 35.59 35.54 35.69 35.72 35.87 35.97 36.11 36.14 36.26 36.30 36.33 36.50 36.57 36.60 36.72 36.80 36.91 37.04 37.01 37.11 37.15 37.20 37.23 37.27 37.31 37.27 37.40 37.44 37.48 37.52 37.56 37.59 37.64 37.68 37.58 37.63 37.68 37.76 37.74 37.80 37.80 37.81 37.85 37.87 37.89 37.82 37.84 37.84 37.88 37.90 37.91 37.86 37.86 37.85 37.82 37.84 37.83 37.90
34.35 34.38 34.45 34.52 34.64 34.75 34.85 34.96 35.03 35.07 35.11 35.20 35.33 35.34 35.32 35.31 35.27 35.48 35.61 35.66 35.63 35.73 35.76 35.85 35.93 36.00 36.07 36.21 36.27 36.33 36.39 36.45 36.54 36.65 36.64 36.82 36.98 37.03 37.07 37.11 37.16 37.20 37.17 37.28 37.26 37.36 37.41 37.45 37.50 37.53 37.58 37.62 37.66 37.69 37.65 37.59 37.69 37.69 37.69 37.78 37.83 37.78 37.83 37.73 37.79 37.82 37.84 37.89 37.85 37.82 37.80 37.71 37.71 37.70 37.64 37.84 37.87
34.26 34.30 34.38 34.46 34.57 34.67 34.77 34.88 34.99 35.08 35.12 35.12 35.27 35.29 35.31 35.30 35.30 35.46 35.56 35.66 35.72 35.79 35.77 35.89 35.99 36.05 36.04 36.15 36.22 36.28 36.36 36.37 36.48 36.51 36.54 36.72 36.94 36.99 37.03 37.07 37.12 37.16 37.08 37.24 37.29 37.30 37.38 37.43 37.48 37.51 37.56 37.60 37.65 37.69 37.64 37.63 37.62 37.73 37.78 37.74 37.83 37.75 37.80 37.83 37.83 37.83 37.77 37.78 37.80 37.71 37.75 37.68 37.68 37.57 37.68 37.75 37.87
34.23 34.29 34.31 34.35 34.40 34.55 34.68 34.81 34.93 35.01 35.11 35.13 35.17 35.27 35.25 35.28 35.37 35.46 35.53 35.65 35.70 35.78 35.82 35.86 35.91 36.04 36.10 36.15 36.14 36.22 36.32 36.38 36.50 36.58 36.54 36.60 36.82 36.94 36.99 37.03 37.07 37.02 37.17 37.17 37.26 37.21 37.28 37.41 37.46 37.51 37.55 37.60 37.64 37.69 37.68 37.69 37.62 37.71 37.79 37.80 37.79 37.83 37.81 37.80 37.74 37.78 37.72 37.80 37.75 37.66 37.64 37.66 37.53 37.60 37.57 37.75 37.86
34.14 34.18 34.21 34.24 34.31 34.43 34.58 34.72 34.86 34.96 35.05 35.05 35.11 35.25 35.30 35.31 35.41 35.48 35.57 35.63 35.70 35.72 35.77 35.88 35.89 36.02 36.03 36.09 36.06 36.17 36.23 36.35 36.45 36.53 36.54 36.57 36.75 36.91 36.95 37.00 37.04 37.01 36.97 37.05 37.24 37.22 37.22 37.30 37.44 37.50 37.55 37.60 37.65 37.70 37.68 37.69 37.75 37.68 37.73 37.79 37.77 37.78 37.77 37.79 37.79 37.79 37.78 37.76 37.72 37.63 37.59 37.51 37.52 37.62 37.66 37.68 37.83
34.07 34.12 34.19 34.25 34.26 34.37 34.51 34.66 34.77 34.89 34.98 35.06 35.11 35.15 35.26 35.30 35.38 35.43 35.47 35.54 35.55 35.62 35.72 35.83 35.87 35.96 36.05 35.98 36.05 36.13 36.25 36.31 36.44 36.50 36.45 36.50 36.57 36.78 36.92 36.96 37.00 36.98 36.93 36.99 37.22 37.27 37.22 37.26 37.43 37.49 37.55 37.61 37.59 37.65 37.76 37.71 37.76 37.80 37.82 37.75 37.78 37.82 37.83 37.78 37.84 37.71 37.80 37.76 37.71 37.66 37.59 37.55 37.65 37.69 37.71 37.74 37.77
34.00 34.07 34.10 34.17 34.25 34.34 34.49 34.61 34.76 34.80 34.95 34.97 35.03 35.09 35.15 35.22 35.30 35.35 35.39 35.42 35.53 35.60 35.71 35.81 35.92 35.87 36.00 35.88 36.06 36.04 36.18 36.28 36.37 36.44 36.44 36.43 36.53 36.55 36.71 36.84 36.81 36.84 36.92 36.96 37.19 37.17 37.24 37.30 37.32 37.37 37.55 37.53 37.59 37.64 37.69 37.82 37.85 37.90 37.86 37.83 37.85 37.86 37.81 37.79 37.73 37.74 37.76 37.72 37.63 37.64 37.55 37.61 37.65 37.71 37.70 37.74 37.71
33.93 34.00 34.04 34.10 34.16 34.32 34.39 34.56 34.67 34.74 34.84 34.96 34.99 35.03 35.10 35.19 35.26 35.31 35.33 35.45 35.54 35.59 35.68 35.78 35.90 35.89 35.99 36.01 36.06 36.12 36.16 36.25 36.30 36.36 36.40 36.45 36.53 36.52 36.63 36.73 36.76 36.87 36.89 37.04 37.07 37.13 37.16 37.19 37.24 37.42 37.48 37.54 37.59 37.66 37.72 37.77 37.83 37.92 37.90 37.92 37.91 37.92 37.87 37.79 37.81 37.75 37.76 37.64 37.61 37.58 37.50 37.55 37.62 37.68 37.61 37.49 37.62
33.88 33.90 34.01 34.08 34.18 34.23 34.39 34.51 34.62 34.70 34.77 34.91 34.96 34.97 35.05 35.15 35.22 35.27 35.35 35.43 35.54 35.63 35.69 35.74 35.88 35.93 35.99 36.03 36.08 36.07 36.18 36.23 36.26 36.33 36.37 36.47 36.53 36.57 36.63 36.68 36.74 36.80 36.85 36.91 37.01 37.02 37.12 37.21 37.34 37.41 37.47 37.60 37.67 37.68 37.74 37.79 37.84 37.86 37.86 37.87 37.94 37.94 37.90 37.81 37.83 37.78 37.74 37.60 37.54 37.56 37.52 37.51 37.56 37.59 37.59 37.49 37.56
33.81 33.88 33.96 34.07 34.09 34.19 34.33 34.46 34.60 34.63 34.77 34.84 34.93 34.99 35.05 35.13 35.22 35.32 35.39 35.42 35.49 35.61 35.69 35.74 35.82 35.81 35.85 35.93 35.98 36.00 36.15 36.23 36.27 36.38 36.38 36.45 36.49 36.57 36.59 36.65 36.76 36.78 36.88 36.98 37.05 37.12 37.19 37.26 37.38 37.47 37.54 37.61 37.68 37.70 37.74 37.78 37.83 37.81 37.84 37.82 37.87 37.89 37.87 37.81 37.82 37.78 37.74 37.56 37.50 37.52 37.42 37.44 37.49 37.53 37.50 37.47 37.47
33.79 33.88 33.98 34.01 34.06 34.20 34.28 34.39 34.57 34.62 34.68 34.76 34.85 34.95 35.01 35.11 35.19 35.26 35.31 35.35 35.44 35.58 35.65 35.72 35.75 35.81 35.83 35.90 35.97 36.02 35.99 36.13 36.30 36.28 36.35 36.37 36.45 36.50 36.58 36.67 36.75 36.83 36.89 36.97 37.07 37.15 37.22 37.30 37.38 37.46 37.54 37.62 37.65 37.70 37.71 37.73 37.81 37.78 37.78 37.81 37.82 37.86 37.89 37.84 37.84 37.79 37.73 37.71 37.66 37.58 37.42 37.42 37.47 37.48 37.47 37.40 37.36
33.79 33.85 33.92 33.99 34.10 34.16 34.30 34.42 34.51 34.58 34.65 34.74 34.83 34.92 34.98 35.08 35.14 35.23 35.24 35.33 35.43 35.52 35.57 35.63 35.70 35.70 35.82 35.88 35.90 35.92 36.06 36.11 36.21 36.28 36.37 36.42 36.47 36.53 36.57 36.66 36.73 36.79 36.91 36.97 37.05 37.12 37.20 37.29 37.37 37.46 37.55 37.58 37.63 37.68 37.72 37.67 37.73 37.81 37.75 37.75 37.75 37.74 37.83 37.81 37.76 37.65 37.66 37.65 37.62 37.61 37.36 37.36 37.44 37.39 37.36 37.29 37.30
33.73 33.82 33.93 34.00 34.10 34.17 34.26 34.40 34.48 34.56 34.66 34.74 34.81 34.87 34.94 35.04 35.10 35.15 35.19 35.21 35.36 35.43 35.50 35.55 35.64 35.56 35.78 35.84 35.91 35.90 36.01 36.08 36.17 36.22 36.27 36.33 36.40 36.49 36.56 36.64 36.70 36.79 36.87 36.94 37.01 37.10 37.19 37.27 37.36 37.42 37.49 37.54 37.59 37.65 37.69 37.66 37.68 37.72 37.78 37.71 37.68 37.73 37.77 37.72 37.70 37.70 37.68 37.60 37.49 37.50 37.41 37.30 37.39 37.12 37.17 37.13 37.17
33.70 33.82 33.91 34.03 34.11 34.20 34.27 34.38 34.46 34.55 34.63 34.70 34.76 34.83 34.91 34.99 35.06 35.13 35.17 35.27 35.35 35.37 35.38 35.44 35.59 35.60 35.69 35.84 35.85 35.96 35.98 36.01 36.06 36.20 36.21 36.31 36.37 36.45 36.53 36.61 36.67 36.75 36.82 36.90 36.99 37.06 37.16 37.23 37.28 37.37 37.42 37.51 37.53 37.57 37.62 37.62 37.62 37.67 37.76 37.69 37.69 37.70 37.69 37.68 37.70 37.68 37.62 37.58 37.53 37.48 37.44 37.29 37.20 37.16 36.99 36.97 36.95
33.71 33.82 33.95 34.07 34.09 34.18 34.27 34.36 34.42 34.51 34.58 34.62 34.73 34.79 34.86 34.90 35.01 35.13 35.22 35.29 35.33 35.34 35.41 35.40 35.53 35.65 35.68 35.79 35.85 35.74 35.87 35.94 36.08 36.12 36.23 36.23 36.33 36.38 36.46 36.55 36.64 36.70 36.78 36.86 36.95 37.03 37.12 37.18 37.25 37.25 37.25 37.35 37.44 37.51 37.54 37.56 37.58 37.61 37.73 37.72 37.59 37.57 37.68 37.58 37.66 37.64 37.58 37.47 37.38 37.33 37.38 37.30 37.13 37.00 36.96 36.95 36.96
33.73 33.81 33.89 34.02 34.10 34.18 34.25 34.32 34.37 34.43 34.53 34.43 34.62 34.74 34.77 34.89 34.99 35.11 35.19 35.26 35.29 35.30 35.47 35.47 35.49 35.58 35.67 35.74 35.72 35.55 35.62 35.85 35.95 36.04 36.11 36.24 36.29 36.34 36.43 36.46 36.53 36.59 36.68 36.77 36.86 36.94 37.06 37.05 37.17 37.20 37.22 37.23 37.32 37.41 37.51 37.45 37.47 37.62 37.71 37.72 37.70 37.69 37.65 37.61 37.61 37.53 37.53 37.43 37.35 37.29 37.31 37.25 37.11 37.11 37.00 36.96 36.80
33.71 33.80 33.89 34.02 34.08 34.17 34.22 34.28 34.33 34.39 34.46 34.54 34.59 34.63 34.72 34.83 34.96 35.05 35.10 35.20 35.28 35.35 35.39 35.49 35.52 35.55 35.64 35.67 35.64 35.50 35.58 35.79 35.85 35.98 36.05 36.09 36.18 36.26 36.33 36.43 36.46 36.53 36.62 36.67 36.78 36.88 36.83 36.94 36.98 37.15 37.13 37.11 37.18 37.37 37.41 37.40 37.45 37.53 37.65 37.63 37.68 37.64 37.57 37.50 37.50 37.50 37.41 37.33 37.23 37.18 37.19 37.13 37.04 37.06 36.98 36.91 36.76
33.80 33.86 33.90 33.94 34.06 34.16 34.21 34.26 34.30 34.24 34.40 34.51 34.59 34.63 34.58 34.80 34.92 35.03 35.00 35.02 35.20 35.26 35.30 35.41 35.49 35.50 35.55 35.49 35.57 35.44 35.59 35.71 35.63 35.79 35.90 35.94 35.97 36.10 36.20 36.30 36.38 36.41 36.40 36.55 36.69 36.80 36.90 36.98 37.01 37.07 37.10 37.03 37.14 37.27 37.35 37.37 37.41 37.46 37.54 37.59 37.64 37.55 37.51 37.34 37.41 37.42 37.29 37.29 37.23 36.95 37.05 36.99 36.85 36.92 36.81 36.69 36.73
33.88 33.83 33.93 33.94 33.94 34.00 34.09 34.21 34.26 34.34 34.41 34.48 34.55 34.60 34.69 34.80 34.90 34.97 35.01 35.05 35.17 35.24 35.35 35.40 35.44 35.42 35.45 35.48 35.46 35.37 35.29 35.41 35.55 35.47 35.67 35.76 35.69 35.86 36.02 36.15 36.29 36.31 36.31 36.48 36.56 36.67 36.67 36.81 36.86 36.90 36.99 36.98 37.07 37.15 37.25 37.25 37.31 37.42 37.49 37.60 37.61 37.50 37.33 37.21 37.12 37.31 37.20 37.07 36.94 36.96 36.86 36.83 36.80 36.73 36.71 36.67 36.70
33.92 33.93 33.95 33.98 33.93 33.98 34.04 34.17 34.22 34.28 34.35 34.43 34.49 34.55 34.63 34.74 34.84 34.89 34.94 34.99 35.06 35.26 35.31 35.31 35.32 35.33 35.32 35.34 35.27 35.31 35.33 35.33 35.33 35.40 35.41 35.65 35.79 35.90 35.98 36.12 36.24 36.20 36.17 36.36 36.44 36.53 36.62 36.63 36.60 36.58 36.43 36.80 36.92 37.05 37.12 37.16 37.22 37.20 37.31 37.41 37.43 37.42 37.28 37.20 37.16 37.16 37.07 36.98 36.99 36.91 36.87 36.82 36.78 36.71 36.63 36.57 36.55
33.94 33.97 34.04 33.98 34.04 34.07 34.07 34.17 34.17 34.23 34.32 34.34 34.47 34.46 34.61 34.68 34.72 34.83 34.95 35.05 35.20 35.20 35.19 35.20 35.27 35.25 35.20 35.22 35.22 35.21 35.29 35.29 35.28 35.34 35.32 35.45 35.66 35.78 35.86 36.05 36.16 35.97 36.13 36.22 36.33 36.39 36.48 36.53 36.55 36.55 36.47 36.59 36.74 36.87 36.80 36.88 36.93 36.95 36.93 37.22 37.29 37.29 37.23 37.14 37.07 37.10 37.05 37.00 36.94 36.91 36.88 36.79 36.77 36.73 36.63 36.52 36.40
34.05 34.10 34.12 34.09 34.11 34.14 34.12 34.22 34.33 34.38 34.46 34.50 34.55 34.62 34.67 34.68 34.69 34.75 34.81 35.02 35.16 34.95 35.06 35.12 35.20 35.18 35.05 35.09 35.16 35.22 35.21 35.30 35.29 35.39 35.47 35.53 35.58 35.60 35.70 35.83 36.03 35.86 35.97 36.04 36.17 36.30 36.29 36.42 36.50 36.33 36.13 36.41 36.55 36.60 36.47 36.71 36.89 36.64 36.65 36.99 37.10 37.14 37.07 37.08 37.06 37.03 36.99 36.95 36.88 36.84 36.76 36.72 36.64 36.61 36.53 36.44 36.36
34.12 34.14 34.16 34.14 34.12 34.20 34.22 34.33 34.40 34.47 34.49 34.57 34.63 34.70 34.72 34.73 34.71 34.73 34.77 34.90 35.03 34.92 35.03 35.06 35.07 35.06 35.08 35.05 34.92 35.04 35.07 35.11 35.14 35.30 35.33 35.40 35.33 35.37 35.51 35.81 35.76 35.80 35.72 35.84 36.05 36.17 35.97 36.05 36.33 36.38 36.30 36.02 36.22 36.02 36.31 36.46 36.76 36.77 36.28 36.76 36.94 36.93 37.00 36.96 36.88 36.89 36.80 36.86 36.74 36.80 36.72 36.64 36.59 36.53 36.43 36.33 36.22
34.13 34.16 34.15 34.21 34.09 34.25 34.23 34.32 34.42 34.51 34.56 34.61 34.65 34.71 34.74 34.76 34.74 34.74 34.78 34.80 34.85 34.97 34.96 35.03 34.94 34.95 34.95 34.82 34.83 34.98 35.00 35.05 35.12 35.08 35.21 35.09 35.18 35.17 35.27 35.59 35.70 35.62 35.59 35.72 35.82 36.01 36.09 36.11 36.03 36.14 36.21 36.03 35.61 35.92 36.00 36.31 36.50 36.15 36.25 36.60 36.76 36.84 36.88 36.84 36.83 36.74 36.67 36.67 36.71 36.66 36.65 36.54 36.48 36.44 36.38 36.16 36.12
34.24 34.25 34.27 34.22 34.20 34.25 34.27 34.30 34.38 34.51 34.56 34.60 34.64 34.68 34.73 34.78 34.81 34.78 34.78 34.81 34.80 34.81 34.87 34.93 34.91 34.88 34.87 34.83 34.80 34.86 34.96 34.97 34.99 34.97 35.04 35.06 35.08 35.11 35.20 35.44 35.48 35.51 35.50 35.60 35.72 35.74 35.84 35.89 35.95 36.02 36.12 36.08 35.59 35.85 36.09 36.14 36.07 36.27 36.14 36.03 36.46 36.69 36.75 36.71 36.69 36.69 36.62 36.57 36.54 36.49 36.51 36.43 36.35 36.32 36.25 36.13 35.95
34.26 34.33 34.30 34.26 34.21 34.29 34.33 34.33 34.36 34.43 34.47 34.53 34.60 34.62 34.70 34.74 34.76 34.80 34.85 34.84 34.79 34.76 34.79 34.86 34.81 34.75 34.78 34.78 34.75 34.80 34.87 34.91 34.90 34.85 34.95 35.03 35.02 35.08 35.15 35.30 35.32 35.38 35.43 35.48 35.57 35.63 35.82 36.16 36.00 36.07 36.12 36.10 36.00 36.00 36.07 36.08 36.00 36.02 36.04 36.11 36.29 36.39 36.39 36.60 36.60 36.59 36.56 36.52 36.44 36.41 36.32 36.32 36.24 36.20 36.14 35.96 35.73
34.33 34.31 34.31 34.24 34.30 34.30 34.37 34.35 34.42 34.35 34.38 34.49 34.54 34.56 34.64 34.72 34.74 34.79 34.76 34.84 34.89 34.76 34.83 34.80 34.80 34.77 34.71 34.73 34.76 34.78 34.78 34.84 34.86 34.85 34.89 34.93 35.02 35.04 35.12 35.21 35.26 35.32 35.46 35.42 35.50 35.56 35.79 36.06 35.97 35.96 36.03 36.01 36.04 36.08 36.11 36.05 36.01 35.87 36.02 36.21 36.30 36.37 36.41 36.40 36.47 36.51 36.48 36.47 36.42 36.31 36.27 36.17 36.09 36.05 36.01 35.89 35.48
34.33 34.36 34.33 34.33 34.36 34.36 34.32 34.38 34.44 34.43 34.41 34.45 34.50 34.48 34.62 34.69 34.70 34.74 34.73 34.78 34.82 34.85 34.80 34.76 34.76 34.77 34.67 34.70 34.73 34.73 34.77 34.78 34.83 34.83 34.85 34.91 35.05 35.05 35.11 35.16 35.23 35.34 35.45 35.41 35.57 35.72 35.72 35.83 35.89 35.90 35.95 36.01 36.01 36.07 36.12 36.12 36.03 36.07 36.01 35.99 36.24 36.40 36.35 36.38 36.37 36.42 36.45 36.42 36.37 36.27 36.22 36.10 35.92 35.85 35.86 35.70 35.40
34.36 34.35 34.34 34.32 34.38 34.40 34.37 34.37 34.41 34.45 34.51 34.49 34.44 34.50 34.53 34.60 34.68 34.72 34.73 34.73 34.79 34.80 34.78 34.78 34.74 34.73 34.66 34.69 34.69 34.67 34.78 34.76 34.78 34.79 34.79 35.05 35.00 35.06 35.06 35.10 35.25 35.44 35.40 35.57 35.55 35.67 35.72 35.75 35.73 35.78 35.86 35.92 35.96 36.05 36.06 36.07 36.05 36.03 36.07 36.18 36.21 36.35 36.17 36.33 36.38 36.33 36.34 36.35 36.30 36.15 35.85 35.92 35.86 35.69 35.70 35.36 34.98
34.39 34.37 34.35 34.33 34.40 34.43 34.45 34.41 34.39 34.44 34.44 34.47 34.46 34.46 34.41 34.55 34.61 34.67 34.68 34.73 34.67 34.64 34.70 34.70 34.73 34.77 34.64 34.63 34.66 34.64 34.74 34.75 34.75 34.78 34.80 35.00 35.05 35.04 35.02 35.15 35.23 35.41 35.51 35.55 35.61 35.54 35.69 35.67 35.74 35.71 35.78 35.87 35.95 35.96 35.99 35.97 36.05 36.06 35.92 36.06 36.26 36.33 36.31 36.28 36.37 36.34 36.25 36.26 36.04 36.13 35.91 35.93 35.72 35.66 35.53 35.44 34.91
34.38 34.36 34.36 34.36 34.39 34.41 34.44 34.41 34.38 34.43 34.50 34.54 34.57 34.54 34.44 34.50 34.58 34.62 34.59 34.65 34.60 34.59 34.62 34.63 34.67 34.74 34.67 34.61 34.63 34.64 34.64 34.70 34.71 34.73 34.75 34.79 35.01 34.96 34.98 35.13 35.24 35.34 35.45 35.48 35.55 35.60 35.63 35.60 35.66 35.69 35.78 35.82 35.86 35.97 35.96 35.92 36.06 36.02 35.95 35.10 36.23 36.26 36.26 36.28 36.35 36.34 36.26 36.19 36.17 36.00 35.91 35.77 35.61 35.28 35.29 35.14 34.89
34.41 34.38 34.37 34.42 34.41 34.41 34.43 34.38 34.44 34.48 34.50 34.57 34.63 34.56 34.42 34.44 34.55 34.58 34.61 34.60 34.56 34.55 34.57 34.57 34.65 34.73 34.58 34.64 34.65 34.60 34.64 34.65 34.67 34.72 34.73 34.80 34.88 34.94 34.94 35.05 35.13 35.23 35.28 35.37 35.49 35.54 35.59 35.53 35.60 35.68 35.71 35.73 35.82 35.91 35.90 35.99 36.05 36.02 36.11 36.14 36.15 36.25 36.23 36.24 36.31 36.25 36.22 36.09 36.07 35.87 35.78 35.62 35.30 35.02 34.91 34.91 34.44
34.47 34.47 34.45 34.47 34.47 34.45 34.44 34.48 34.44 34.53 34.53 34.60 34.57 34.43 34.40 34.46 34.45 34.53 34.59 34.58 34.54 34.52 34.58 34.60 34.60 34.59 34.64 34.64 34.59 34.55 34.59 34.62 34.72 34.75 34.73 34.79 34.82 34.85 34.88 35.01 35.02 35.09 35.16 35.26 35.43 35.49 35.54 35.54 35.59 35.65 35.67 35.71 35.80 35.88 35.92 36.03 36.07 36.12 36.14 36.15 36.21 36.21 36.15 36.12 36.26 36.24 36.14 36.01 35.94 35.83 35.70 35.42 35.13 34.68 34.58 34.84 33.57
