Australia Fires/latest.grid
ncols 886
nrows 691
xllcenter 112.0000
yllcenter -44.5000
cellsize 0.0500
nodata_value 99999.90
[rows 38 to 75 of 691, columns 336 to 419 of 886]
1.19 1.20 1.21 1.22 1.23 1.25 1.27 1.29 1.29 1.28 1.27 1.27 1.26 1.26 1.25 1.24 1.24 1.23 1.22 1.21 1.21 1.20 1.19 1.18 1.17 1.16 1.15 1.14 1.13 1.12 1.11 1.10 1.09 1.07 1.06 1.05 1.03 1.02 1.00 0.99 0.97 0.96 0.94 0.93 0.91 0.89 0.88 0.86 0.84 0.82 0.81 0.79 0.77 0.75 0.74 0.72 0.70 0.68 0.67 0.65 0.64 0.63 0.62 0.61 0.60 0.59 0.59 0.59 0.59 0.59 0.59 0.59 0.60 0.61 0.61 0.62 0.63 0.63 0.64 0.65 0.66 0.67 0.67 0.68
1.19 1.19 1.20 1.22 1.23 1.25 1.27 1.29 1.29 1.29 1.28 1.27 1.27 1.26 1.26 1.25 1.24 1.24 1.23 1.22 1.21 1.21 1.20 1.19 1.18 1.17 1.16 1.15 1.14 1.13 1.12 1.10 1.09 1.08 1.06 1.05 1.04 1.02 1.01 0.99 0.98 0.96 0.95 0.93 0.91 0.90 0.88 0.86 0.85 0.83 0.81 0.80 0.78 0.76 0.75 0.73 0.71 0.70 0.68 0.67 0.66 0.64 0.63 0.62 0.62 0.61 0.61 0.60 0.60 0.60 0.60 0.61 0.61 0.62 0.62 0.63 0.64 0.64 0.65 0.66 0.67 0.67 0.68 0.69
1.18 1.19 1.20 1.21 1.23 1.25 1.27 1.30 1.30 1.29 1.29 1.28 1.27 1.27 1.26 1.26 1.25 1.24 1.24 1.23 1.22 1.21 1.20 1.19 1.18 1.17 1.16 1.15 1.14 1.13 1.12 1.11 1.09 1.08 1.07 1.05 1.04 1.02 1.01 0.99 0.98 0.96 0.95 0.93 0.92 0.90 0.88 0.87 0.85 0.84 0.82 0.80 0.79 0.77 0.76 0.74 0.73 0.71 0.70 0.68 0.67 0.66 0.65 0.64 0.63 0.63 0.62 0.62 0.62 0.62 0.62 0.62 0.62 0.63 0.63 0.64 0.65 0.65 0.66 0.67 0.67 0.68 0.69 0.69
1.18 1.19 1.20 1.21 1.23 1.25 1.27 1.30 1.30 1.30 1.29 1.29 1.28 1.27 1.27 1.26 1.25 1.25 1.24 1.23 1.23 1.22 1.21 1.20 1.19 1.18 1.17 1.16 1.14 1.13 1.12 1.11 1.09 1.08 1.07 1.05 1.04 1.02 1.01 0.99 0.98 0.96 0.95 0.93 0.92 0.90 0.89 0.87 0.86 0.84 0.83 0.81 0.79 0.78 0.77 0.75 0.74 0.72 0.71 0.70 0.69 0.67 0.66 0.66 0.65 0.64 0.64 0.63 0.63 0.63 0.63 0.63 0.64 0.64 0.65 0.65 0.66 0.66 0.67 0.68 0.68 0.69 0.70 0.70
1.18 1.18 1.19 1.21 1.22 1.24 1.27 1.29 1.31 1.30 1.30 1.29 1.29 1.28 1.27 1.27 1.26 1.25 1.25 1.24 1.23 1.22 1.21 1.20 1.19 1.18 1.17 1.16 1.15 1.13 1.12 1.11 1.09 1.08 1.07 1.05 1.04 1.02 1.01 0.99 0.98 0.96 0.95 0.93 0.92 0.90 0.89 0.87 0.86 0.84 0.83 0.81 0.80 0.79 0.77 0.76 0.75 0.73 0.72 0.71 0.70 0.69 0.68 0.67 0.66 0.66 0.65 0.65 0.65 0.65 0.65 0.65 0.65 0.65 0.66 0.66 0.67 0.67 0.68 0.69 0.69 0.70 0.70 0.71
1.17 1.18 1.19 1.20 1.22 1.24 1.26 1.29 1.31 1.31 1.30 1.30 1.29 1.28 1.28 1.27 1.26 1.26 1.25 1.24 1.23 1.22 1.21 1.20 1.19 1.18 1.17 1.16 1.15 1.13 1.12 1.11 1.09 1.08 1.06 1.05 1.04 1.02 1.01 0.99 0.98 0.96 0.95 0.93 0.92 0.90 0.89 0.87 0.86 0.85 0.83 0.82 0.81 0.79 0.78 0.77 0.75 0.74 0.73 0.72 0.71 0.70 0.69 0.68 0.68 0.67 0.67 0.66 0.66 0.66 0.66 0.66 0.66 0.67 0.67 0.68 0.68 0.69 0.69 0.70 0.70 0.71 0.71 0.72
1.17 1.17 1.18 1.20 1.21 1.23 1.26 1.29 1.31 1.31 1.31 1.30 1.29 1.29 1.28 1.27 1.27 1.26 1.25 1.24 1.23 1.22 1.21 1.20 1.19 1.18 1.17 1.16 1.14 1.13 1.12 1.10 1.09 1.08 1.06 1.05 1.03 1.02 1.00 0.99 0.97 0.96 0.95 0.93 0.92 0.90 0.89 0.87 0.86 0.85 0.83 0.82 0.81 0.80 0.78 0.77 0.76 0.75 0.74 0.73 0.72 0.71 0.70 0.70 0.69 0.69 0.68 0.68 0.68 0.67 0.68 0.68 0.68 0.68 0.68 0.69 0.69 0.70 0.70 0.71 0.71 0.72 0.73 0.73
1.16 1.17 1.18 1.19 1.20 1.23 1.25 1.28 1.31 1.31 1.31 1.30 1.30 1.29 1.28 1.28 1.27 1.26 1.25 1.24 1.23 1.22 1.21 1.20 1.19 1.18 1.17 1.16 1.14 1.13 1.11 1.10 1.09 1.07 1.06 1.04 1.03 1.01 1.00 0.99 0.97 0.96 0.94 0.93 0.91 0.90 0.89 0.87 0.86 0.85 0.84 0.82 0.81 0.80 0.79 0.78 0.77 0.76 0.75 0.74 0.73 0.72 0.71 0.71 0.70 0.70 0.69 0.69 0.69 0.69 0.69 0.69 0.69 0.69 0.70 0.70 0.71 0.71 0.72 0.72 0.73 0.73 0.74 0.74
1.15 1.16 1.17 1.18 1.20 1.22 1.24 1.27 1.30 1.31 1.31 1.31 1.30 1.29 1.29 1.28 1.27 1.26 1.25 1.24 1.23 1.22 1.21 1.20 1.19 1.18 1.16 1.15 1.14 1.12 1.11 1.10 1.08 1.07 1.05 1.04 1.02 1.01 1.00 0.98 0.97 0.95 0.94 0.93 0.91 0.90 0.89 0.87 0.86 0.85 0.84 0.82 0.81 0.80 0.79 0.78 0.77 0.76 0.75 0.75 0.74 0.73 0.73 0.72 0.71 0.71 0.71 0.70 0.70 0.70 0.70 0.70 0.71 0.71 0.71 0.71 0.72 0.72 0.73 0.73 0.74 0.74 0.75 0.76
1.14 1.15 1.16 1.17 1.19 1.21 1.23 1.26 1.29 1.31 1.31 1.31 1.30 1.29 1.29 1.28 1.27 1.26 1.25 1.24 1.23 1.22 1.21 1.20 1.19 1.17 1.16 1.15 1.13 1.12 1.10 1.09 1.08 1.06 1.05 1.03 1.02 1.00 0.99 0.98 0.96 0.95 0.93 0.92 0.91 0.90 0.88 0.87 0.86 0.85 0.84 0.83 0.81 0.80 0.79 0.79 0.78 0.77 0.76 0.75 0.75 0.74 0.74 0.73 0.73 0.72 0.72 0.72 0.72 0.72 0.72 0.72 0.72 0.72 0.72 0.73 0.73 0.74 0.74 0.75 0.75 0.76 0.76 0.77
1.14 1.14 1.15 1.16 1.18 1.20 1.22 1.25 1.28 1.31 1.31 1.31 1.30 1.29 1.29 1.28 1.27 1.26 1.25 1.24 1.23 1.22 1.21 1.19 1.18 1.17 1.15 1.14 1.13 1.11 1.10 1.08 1.07 1.05 1.04 1.03 1.01 1.00 0.98 0.97 0.96 0.94 0.93 0.92 0.90 0.89 0.88 0.87 0.86 0.85 0.83 0.82 0.82 0.81 0.80 0.79 0.78 0.77 0.77 0.76 0.75 0.75 0.74 0.74 0.74 0.73 0.73 0.73 0.73 0.73 0.73 0.73 0.73 0.74 0.74 0.74 0.75 0.75 0.76 0.76 0.77 0.77 0.78 0.78
1.13 1.13 1.14 1.15 1.17 1.19 1.21 1.24 1.27 1.30 1.31 1.31 1.30 1.29 1.28 1.27 1.27 1.26 1.25 1.23 1.22 1.21 1.20 1.19 1.17 1.16 1.15 1.13 1.12 1.10 1.09 1.08 1.06 1.05 1.03 1.02 1.00 0.99 0.98 0.96 0.95 0.94 0.92 0.91 0.90 0.89 0.87 0.86 0.85 0.84 0.83 0.82 0.81 0.81 0.80 0.79 0.78 0.78 0.77 0.77 0.76 0.76 0.75 0.75 0.75 0.74 0.74 0.74 0.74 0.74 0.74 0.74 0.75 0.75 0.75 0.76 0.76 0.77 0.77 0.78 0.78 0.79 0.79 0.80
1.12 1.13 1.13 1.14 1.16 1.17 1.20 1.22 1.25 1.28 1.31 1.30 1.30 1.29 1.28 1.27 1.26 1.25 1.24 1.23 1.22 1.20 1.19 1.18 1.17 1.15 1.14 1.12 1.11 1.10 1.08 1.07 1.05 1.04 1.02 1.01 1.00 0.98 0.97 0.95 0.94 0.93 0.92 0.90 0.89 0.88 0.87 0.86 0.85 0.84 0.83 0.82 0.81 0.81 0.80 0.79 0.79 0.78 0.78 0.77 0.77 0.76 0.76 0.76 0.76 0.75 0.75 0.75 0.75 0.75 0.76 0.76 0.76 0.76 0.77 0.77 0.78 0.78 0.79 0.79 0.80 0.80 0.81 0.82
1.11 1.12 1.12 1.13 1.15 1.16 1.18 1.21 1.24 1.27 1.30 1.30 1.29 1.28 1.27 1.26 1.25 1.24 1.23 1.22 1.21 1.20 1.18 1.17 1.16 1.14 1.13 1.11 1.10 1.09 1.07 1.06 1.04 1.03 1.01 1.00 0.99 0.97 0.96 0.95 0.93 0.92 0.91 0.90 0.89 0.88 0.86 0.85 0.85 0.84 0.83 0.82 0.81 0.81 0.80 0.79 0.79 0.78 0.78 0.78 0.77 0.77 0.77 0.77 0.76 0.76 0.76 0.76 0.76 0.77 0.77 0.77 0.77 0.78 0.78 0.79 0.79 0.80 0.80 0.81 0.81 0.82 0.83 0.83
1.10 1.11 1.11 1.12 1.13 1.15 1.17 1.19 1.22 1.25 1.28 1.29 1.28 1.28 1.27 1.26 1.25 1.24 1.22 1.21 1.20 1.19 1.17 1.16 1.15 1.13 1.12 1.10 1.09 1.07 1.06 1.04 1.03 1.02 1.00 0.99 0.98 0.96 0.95 0.94 0.92 0.91 0.90 0.89 0.88 0.87 0.86 0.85 0.84 0.83 0.82 0.82 0.81 0.80 0.80 0.79 0.79 0.79 0.78 0.78 0.78 0.77 0.77 0.77 0.77 0.77 0.77 0.77 0.78 0.78 0.78 0.78 0.79 0.79 0.80 0.80 0.81 0.81 0.82 0.82 0.83 0.84 0.84 0.85
1.09 1.10 1.10 1.11 1.12 1.13 1.15 1.17 1.20 1.23 1.26 1.28 1.28 1.27 1.26 1.25 1.24 1.22 1.21 1.20 1.19 1.17 1.16 1.15 1.13 1.12 1.10 1.09 1.08 1.06 1.05 1.03 1.02 1.00 0.99 0.98 0.96 0.95 0.94 0.93 0.91 0.90 0.89 0.88 0.87 0.86 0.85 0.84 0.84 0.83 0.82 0.81 0.81 0.80 0.80 0.79 0.79 0.79 0.78 0.78 0.78 0.78 0.78 0.78 0.78 0.78 0.78 0.78 0.79 0.79 0.79 0.80 0.80 0.80 0.81 0.82 0.82 0.83 0.83 0.84 0.85 0.85 0.86 0.87
1.08 1.09 1.09 1.10 1.11 1.12 1.14 1.16 1.18 1.21 1.24 1.27 1.27 1.26 1.25 1.24 1.22 1.21 1.20 1.19 1.18 1.16 1.15 1.13 1.12 1.11 1.09 1.08 1.06 1.05 1.03 1.02 1.01 0.99 0.98 0.97 0.95 0.94 0.93 0.92 0.90 0.89 0.88 0.87 0.86 0.85 0.85 0.84 0.83 0.82 0.82 0.81 0.81 0.80 0.80 0.79 0.79 0.79 0.79 0.79 0.79 0.78 0.79 0.79 0.79 0.79 0.79 0.79 0.80 0.80 0.80 0.81 0.81 0.82 0.82 0.83 0.84 0.84 0.85 0.86 0.86 0.87 0.88 0.89
1.07 1.08 1.08 1.09 1.10 1.11 1.12 1.14 1.16 1.19 1.22 1.25 1.25 1.24 1.23 1.22 1.21 1.20 1.19 1.17 1.16 1.15 1.13 1.12 1.11 1.09 1.08 1.06 1.05 1.03 1.02 1.01 0.99 0.98 0.96 0.95 0.94 0.93 0.92 0.90 0.89 0.88 0.87 0.86 0.85 0.85 0.84 0.83 0.82 0.82 0.81 0.81 0.80 0.80 0.80 0.79 0.79 0.79 0.79 0.79 0.79 0.79 0.79 0.79 0.79 0.80 0.80 0.80 0.81 0.81 0.82 0.82 0.83 0.83 0.84 0.85 0.85 0.86 0.87 0.87 0.88 0.89 0.90 0.91
1.07 1.07 1.07 1.08 1.08 1.09 1.11 1.12 1.14 1.17 1.20 1.22 1.23 1.23 1.22 1.21 1.20 1.18 1.17 1.16 1.15 1.13 1.12 1.10 1.09 1.07 1.06 1.05 1.03 1.02 1.00 0.99 0.98 0.96 0.95 0.94 0.93 0.91 0.90 0.89 0.88 0.87 0.86 0.85 0.84 0.84 0.83 0.82 0.82 0.81 0.81 0.80 0.80 0.80 0.79 0.79 0.79 0.79 0.79 0.79 0.79 0.79 0.80 0.80 0.80 0.80 0.81 0.81 0.82 0.82 0.83 0.83 0.84 0.85 0.85 0.86 0.87 0.88 0.88 0.89 0.90 0.91 0.92 0.93
1.06 1.06 1.06 1.06 1.07 1.08 1.09 1.11 1.13 1.15 1.17 1.20 1.22 1.21 1.20 1.19 1.18 1.17 1.15 1.14 1.13 1.11 1.10 1.09 1.07 1.06 1.04 1.03 1.02 1.00 0.99 0.97 0.96 0.95 0.94 0.92 0.91 0.90 0.89 0.88 0.87 0.86 0.85 0.84 0.84 0.83 0.82 0.82 0.81 0.81 0.80 0.80 0.80 0.79 0.79 0.79 0.79 0.79 0.79 0.79 0.79 0.80 0.80 0.80 0.81 0.81 0.82 0.82 0.83 0.83 0.84 0.84 0.85 0.86 0.87 0.88 0.88 0.89 0.90 0.91 0.92 0.93 0.94 0.95
1.05 1.05 1.05 1.05 1.06 1.07 1.08 1.09 1.11 1.13 1.15 1.17 1.20 1.19 1.18 1.17 1.16 1.15 1.14 1.12 1.11 1.10 1.08 1.07 1.05 1.04 1.03 1.01 1.00 0.98 0.97 0.96 0.95 0.93 0.92 0.91 0.90 0.89 0.88 0.87 0.86 0.85 0.84 0.83 0.83 0.82 0.81 0.81 0.80 0.80 0.80 0.79 0.79 0.79 0.79 0.79 0.79 0.79 0.79 0.79 0.80 0.80 0.80 0.81 0.81 0.82 0.82 0.83 0.84 0.84 0.85 0.86 0.86 0.87 0.88 0.89 0.90 0.91 0.92 0.93 0.94 0.95 0.96 0.97
1.04 1.04 1.04 1.04 1.05 1.05 1.06 1.08 1.09 1.11 1.13 1.15 1.17 1.17 1.16 1.15 1.14 1.13 1.12 1.10 1.09 1.08 1.06 1.05 1.04 1.02 1.01 0.99 0.98 0.97 0.95 0.94 0.93 0.92 0.91 0.89 0.88 0.87 0.86 0.85 0.84 0.84 0.83 0.82 0.82 0.81 0.80 0.80 0.80 0.79 0.79 0.79 0.79 0.79 0.79 0.79 0.79 0.79 0.79 0.80 0.80 0.80 0.81 0.81 0.82 0.82 0.83 0.84 0.84 0.85 0.86 0.87 0.88 0.89 0.90 0.91 0.92 0.93 0.94 0.95 0.96 0.97 0.98 0.99
1.03 1.03 1.03 1.03 1.04 1.04 1.05 1.06 1.07 1.09 1.10 1.12 1.14 1.15 1.14 1.13 1.12 1.11 1.10 1.08 1.07 1.06 1.04 1.03 1.02 1.00 0.99 0.98 0.96 0.95 0.94 0.92 0.91 0.90 0.89 0.88 0.87 0.86 0.85 0.84 0.83 0.82 0.82 0.81 0.80 0.80 0.79 0.79 0.79 0.79 0.78 0.78 0.78 0.78 0.78 0.78 0.79 0.79 0.79 0.80 0.80 0.81 0.81 0.82 0.82 0.83 0.84 0.84 0.85 0.86 0.87 0.88 0.89 0.90 0.91 0.92 0.93 0.94 0.95 0.97 0.98 0.99 1.00 1.01
1.02 1.02 1.02 1.02 1.03 1.03 1.04 1.05 1.06 1.07 1.08 1.10 1.12 1.13 1.12 1.11 1.10 1.09 1.08 1.06 1.05 1.04 1.02 1.01 1.00 0.98 0.97 0.96 0.94 0.93 0.92 0.91 0.89 0.88 0.87 0.86 0.85 0.84 0.83 0.83 0.82 0.81 0.80 0.80 0.79 0.79 0.79 0.78 0.78 0.78 0.78 0.78 0.78 0.78 0.78 0.78 0.79 0.79 0.79 0.80 0.80 0.81 0.81 0.82 0.83 0.84 0.84 0.85 0.86 0.87 0.88 0.89 0.90 0.91 0.92 0.94 0.95 0.96 0.97 0.98 1.00 1.01 1.02 1.03
1.01 1.01 1.01 1.01 1.02 1.02 1.03 1.03 1.04 1.05 1.07 1.08 1.10 1.10 1.10 1.09 1.08 1.06 1.05 1.04 1.03 1.02 1.00 0.99 0.98 0.96 0.95 0.94 0.92 0.91 0.90 0.89 0.88 0.87 0.86 0.85 0.84 0.83 0.82 0.81 0.80 0.80 0.79 0.79 0.78 0.78 0.78 0.77 0.77 0.77 0.77 0.77 0.77 0.77 0.78 0.78 0.78 0.79 0.79 0.80 0.80 0.81 0.82 0.82 0.83 0.84 0.85 0.86 0.87 0.88 0.89 0.90 0.91 0.92 0.94 0.95 0.96 0.98 0.99 1.00 1.02 1.03 1.04 1.06
1.01 1.00 1.00 1.01 1.01 1.01 1.02 1.02 1.03 1.04 1.05 1.06 1.07 1.08 1.07 1.06 1.05 1.04 1.03 1.02 1.01 0.99 0.98 0.97 0.95 0.94 0.93 0.92 0.90 0.89 0.88 0.87 0.86 0.85 0.84 0.83 0.82 0.81 0.80 0.80 0.79 0.79 0.78 0.78 0.77 0.77 0.77 0.77 0.76 0.76 0.76 0.77 0.77 0.77 0.77 0.78 0.78 0.79 0.79 0.80 0.80 0.81 0.82 0.83 0.84 0.85 0.85 0.87 0.88 0.89 0.90 0.91 0.92 0.94 0.95 0.96 0.98 0.99 1.01 1.02 1.03 1.05 1.06 1.08
1.00 1.00 1.00 1.00 1.00 1.00 1.01 1.01 1.02 1.02 1.03 1.04 1.05 1.06 1.05 1.04 1.03 1.02 1.01 1.00 0.99 0.97 0.96 0.95 0.93 0.92 0.91 0.90 0.88 0.87 0.86 0.85 0.84 0.83 0.82 0.81 0.80 0.80 0.79 0.78 0.78 0.77 0.77 0.76 0.76 0.76 0.76 0.76 0.76 0.76 0.76 0.76 0.76 0.77 0.77 0.77 0.78 0.78 0.79 0.80 0.81 0.81 0.82 0.83 0.84 0.85 0.86 0.87 0.88 0.89 0.91 0.92 0.93 0.95 0.96 0.98 0.99 1.01 1.02 1.04 1.05 1.07 1.08 1.10
0.99 0.99 0.99 0.99 0.99 0.99 1.00 1.00 1.01 1.01 1.02 1.03 1.03 1.04 1.03 1.02 1.01 1.00 0.99 0.98 0.96 0.95 0.94 0.93 0.91 0.90 0.89 0.88 0.87 0.85 0.84 0.83 0.82 0.81 0.80 0.80 0.79 0.78 0.78 0.77 0.76 0.76 0.76 0.75 0.75 0.75 0.75 0.75 0.75 0.75 0.75 0.75 0.76 0.76 0.77 0.77 0.78 0.78 0.79 0.80 0.81 0.81 0.82 0.83 0.84 0.85 0.86 0.88 0.89 0.90 0.91 0.93 0.94 0.96 0.97 0.99 1.00 1.02 1.04 1.05 1.07 1.08 1.10 1.12
0.98 0.98 0.98 0.98 0.98 0.99 0.99 0.99 1.00 1.00 1.01 1.01 1.02 1.02 1.01 1.00 0.99 0.98 0.97 0.96 0.94 0.93 0.92 0.91 0.89 0.88 0.87 0.86 0.85 0.84 0.82 0.81 0.81 0.80 0.79 0.78 0.77 0.77 0.76 0.76 0.75 0.75 0.74 0.74 0.74 0.74 0.74 0.74 0.74 0.74 0.75 0.75 0.75 0.76 0.76 0.77 0.77 0.78 0.79 0.80 0.81 0.81 0.82 0.83 0.84 0.86 0.87 0.88 0.89 0.91 0.92 0.93 0.95 0.97 0.98 1.00 1.01 1.03 1.05 1.07 1.08 1.10 1.12 1.13
0.98 0.98 0.98 0.98 0.98 0.98 0.98 0.99 0.99 0.99 1.00 1.00 1.00 1.00 0.99 0.98 0.97 0.96 0.95 0.94 0.92 0.91 0.90 0.89 0.87 0.86 0.85 0.84 0.83 0.82 0.81 0.80 0.79 0.78 0.77 0.76 0.76 0.75 0.75 0.74 0.74 0.74 0.73 0.73 0.73 0.73 0.73 0.73 0.73 0.74 0.74 0.74 0.75 0.75 0.76 0.76 0.77 0.78 0.79 0.80 0.80 0.81 0.82 0.83 0.85 0.86 0.87 0.88 0.90 0.91 0.92 0.94 0.96 0.97 0.99 1.01 1.02 1.04 1.06 1.08 1.10 1.11 1.13 1.15
0.97 0.97 0.97 0.97 0.97 0.97 0.98 0.98 0.98 0.99 0.99 0.99 0.99 0.98 0.97 0.96 0.95 0.94 0.93 0.92 0.91 0.89 0.88 0.87 0.86 0.84 0.83 0.82 0.81 0.80 0.79 0.78 0.77 0.76 0.76 0.75 0.74 0.74 0.73 0.73 0.73 0.72 0.72 0.72 0.72 0.72 0.72 0.72 0.73 0.73 0.73 0.74 0.74 0.75 0.75 0.76 0.77 0.78 0.78 0.79 0.80 0.81 0.82 0.83 0.85 0.86 0.87 0.88 0.90 0.91 0.93 0.94 0.96 0.98 1.00 1.01 1.03 1.05 1.07 1.09 1.11 1.13 1.15 1.16
0.97 0.97 0.97 0.97 0.97 0.97 0.97 0.97 0.98 0.98 0.98 0.98 0.97 0.96 0.95 0.94 0.93 0.92 0.91 0.90 0.89 0.88 0.86 0.85 0.84 0.83 0.82 0.80 0.79 0.78 0.77 0.76 0.76 0.75 0.74 0.73 0.73 0.72 0.72 0.72 0.71 0.71 0.71 0.71 0.71 0.71 0.71 0.72 0.72 0.72 0.73 0.73 0.74 0.74 0.75 0.76 0.77 0.77 0.78 0.79 0.80 0.81 0.82 0.83 0.85 0.86 0.87 0.88 0.90 0.91 0.93 0.95 0.96 0.98 1.00 1.02 1.04 1.06 1.08 1.10 1.12 1.14 1.16 1.18
0.96 0.96 0.96 0.96 0.96 0.97 0.97 0.97 0.97 0.97 0.97 0.96 0.96 0.95 0.94 0.93 0.92 0.91 0.90 0.89 0.87 0.86 0.85 0.84 0.82 0.81 0.80 0.79 0.78 0.77 0.76 0.75 0.74 0.73 0.73 0.72 0.72 0.71 0.71 0.71 0.70 0.70 0.70 0.70 0.70 0.70 0.71 0.71 0.71 0.72 0.72 0.73 0.73 0.74 0.75 0.75 0.76 0.77 0.78 0.79 0.80 0.81 0.82 0.83 0.84 0.86 0.87 0.88 0.90 0.91 0.93 0.95 0.96 0.98 1.00 1.02 1.04 1.06 1.08 1.10 1.12 1.15 1.17 1.19
0.96 0.96 0.96 0.96 0.96 0.96 0.96 0.97 0.97 0.96 0.96 0.95 0.94 0.93 0.93 0.92 0.91 0.90 0.88 0.87 0.86 0.85 0.84 0.82 0.81 0.80 0.79 0.77 0.76 0.75 0.74 0.73 0.73 0.72 0.71 0.71 0.70 0.70 0.70 0.69 0.69 0.69 0.69 0.69 0.69 0.70 0.70 0.70 0.71 0.71 0.72 0.72 0.73 0.73 0.74 0.75 0.76 0.77 0.78 0.78 0.79 0.81 0.82 0.83 0.84 0.85 0.87 0.88 0.89 0.91 0.93 0.94 0.96 0.98 1.00 1.02 1.04 1.06 1.09 1.11 1.13 1.15 1.17 1.19
0.95 0.95 0.95 0.95 0.96 0.96 0.96 0.96 0.96 0.95 0.94 0.94 0.93 0.92 0.91 0.90 0.89 0.88 0.87 0.86 0.85 0.84 0.82 0.81 0.80 0.79 0.77 0.76 0.75 0.74 0.73 0.72 0.71 0.71 0.70 0.70 0.69 0.69 0.69 0.68 0.68 0.68 0.68 0.68 0.69 0.69 0.69 0.70 0.70 0.71 0.71 0.72 0.72 0.73 0.74 0.74 0.75 0.76 0.77 0.78 0.79 0.80 0.81 0.82 0.83 0.85 0.86 0.87 0.89 0.90 0.92 0.94 0.96 0.98 1.00 1.02 1.04 1.06 1.08 1.11 1.13 1.15 1.17 1.19
0.94 0.95 0.95 0.95 0.95 0.95 0.95 0.95 0.94 0.94 0.93 0.92 0.92 0.91 0.90 0.89 0.88 0.87 0.86 0.85 0.84 0.83 0.81 0.80 0.79 0.77 0.76 0.75 0.74 0.73 0.72 0.71 0.70 0.70 0.69 0.69 0.68 0.68 0.68 0.68 0.67 0.67 0.68 0.68 0.68 0.68 0.69 0.69 0.69 0.70 0.70 0.71 0.72 0.72 0.73 0.74 0.75 0.76 0.77 0.77 0.78 0.79 0.80 0.82 0.83 0.84 0.85 0.87 0.88 0.90 0.91 0.93 0.95 0.97 0.99 1.01 1.03 1.06 1.08 1.10 1.12 1.15 1.17 1.19
0.94 0.94 0.94 0.95 0.95 0.95 0.94 0.94 0.93 0.92 0.92 0.91 0.90 0.90 0.89 0.88 0.87 0.86 0.85 0.84 0.83 0.82 0.80 0.79 0.78 0.76 0.75 0.74 0.73 0.72 0.71 0.70 0.69 0.69 0.68 0.68 0.67 0.67 0.67 0.67 0.67 0.67 0.67 0.67 0.67 0.68 0.68 0.68 0.69 0.69 0.70 0.71 0.71 0.72 0.73 0.73 0.74 0.75 0.76 0.77 0.78 0.79 0.80 0.81 0.82 0.83 0.84 0.86 0.87 0.89 0.90 0.92 0.94 0.96 0.98 1.00 1.02 1.05 1.07 1.09 1.12 1.14 1.16 1.19
0.93 0.94 0.94 0.94 0.94 0.93 0.93 0.92 0.92 0.91 0.91 0.90 0.89 0.88 0.88 0.87 0.86 0.85 0.84 0.83 0.82 0.81 0.79 0.78 0.77 0.75 0.74 0.73 0.72 0.71 0.70 0.69 0.68 0.68 0.67 0.67 0.66 0.66 0.66 0.66 0.66 0.66 0.66 0.66 0.67 0.67 0.67 0.68 0.68 0.69 0.69 0.70 0.71 0.71 0.72 0.73 0.74 0.74 0.75 0.76 0.77 0.78 0.79 0.80 0.81 0.82 0.83 0.84 0.86 0.87 0.89 0.91 0.92 0.94 0.96 0.99 1.01 1.03 1.06 1.08 1.10 1.13 1.15 1.18
