Australia Fires/latest (1).grid
ncols 886
nrows 691
xllcenter 112.0000
yllcenter -44.5000
cellsize 0.0500
nodata_value 99999.90
[rows 238 to 271 of 691, columns 539 to 615 of 886]
43.34 43.31 43.21 43.16 43.12 42.95 42.66 42.92 42.90 43.01 43.05 42.92 42.66 43.00 43.07 43.11 43.09 42.97 43.02 43.09 43.14 43.13 43.21 43.24 43.27 43.24 43.18 43.10 43.17 43.08 43.08 42.99 43.04 43.05 43.07 43.05 43.12 43.08 43.11 43.16 43.15 43.06 42.94 42.88 43.00 42.86 42.72 42.78 42.77 42.62 42.69 42.52 42.28 42.15 42.18 42.09 41.93 41.80 41.70 41.71 41.81 41.83 41.75 41.60 41.67 41.78 41.78 41.80 41.82 41.79 41.70 41.63 41.60 41.47 41.51 41.52 41.42
43.45 43.34 43.21 43.17 43.18 42.95 42.62 42.90 43.02 43.10 43.15 43.10 43.02 43.11 43.20 43.13 43.19 43.12 43.10 43.15 43.20 43.20 43.25 43.28 43.30 43.26 43.20 43.23 43.16 43.11 43.08 42.99 42.99 42.99 43.04 43.18 43.19 43.19 43.24 43.24 43.19 43.07 42.97 43.05 43.06 42.92 42.82 42.87 42.79 42.67 42.69 42.74 42.43 42.23 42.24 42.10 41.92 41.92 41.94 41.82 41.90 41.83 41.69 41.61 41.57 41.76 41.78 41.89 41.88 41.87 41.80 41.71 41.66 41.55 41.51 41.55 41.53
43.44 43.33 43.35 43.24 43.12 43.04 43.15 43.00 43.10 43.12 43.04 43.21 43.18 43.22 43.23 43.16 43.26 43.21 43.21 43.21 43.24 43.26 43.14 43.30 43.33 43.28 43.27 43.28 43.22 43.12 43.18 43.15 43.01 43.01 43.17 43.25 43.21 43.27 43.29 43.30 43.23 42.95 43.05 43.08 43.13 43.01 42.89 43.01 42.80 42.77 42.65 42.58 42.40 42.25 42.23 42.15 41.91 41.89 41.95 41.96 41.99 41.86 41.69 41.67 41.80 41.79 41.88 41.88 41.90 41.90 41.88 41.79 41.70 41.58 41.54 41.57 41.58
43.44 43.39 43.22 43.13 43.11 43.13 43.26 43.21 43.17 43.12 43.19 43.19 43.21 43.23 43.25 43.31 43.30 43.26 43.29 43.29 43.30 43.26 43.23 43.21 43.35 43.31 43.30 43.13 43.22 43.24 43.23 43.24 43.20 43.23 43.30 43.29 43.35 43.36 43.37 43.32 43.27 43.05 43.16 43.19 43.20 43.10 42.86 43.13 42.86 42.74 42.94 42.84 42.63 42.23 42.22 42.23 42.27 42.14 41.95 42.03 42.10 41.94 41.63 41.65 41.85 41.90 41.94 41.93 41.94 41.94 41.92 41.78 41.67 41.58 41.55 41.62 41.64
43.45 43.39 43.26 43.16 43.21 43.29 43.04 43.08 43.02 43.14 43.04 43.11 43.17 43.20 43.23 43.30 43.33 43.31 43.30 43.31 43.34 43.33 43.25 43.34 43.25 43.33 43.24 43.20 43.13 43.20 43.21 43.25 43.22 43.21 43.39 43.30 43.40 43.42 43.43 43.41 43.29 43.27 43.21 43.28 43.25 43.05 42.99 43.21 43.06 43.04 42.93 42.88 42.35 42.56 42.36 42.35 42.38 42.32 41.96 42.07 42.17 41.89 41.67 41.73 41.78 41.94 41.96 41.97 41.98 41.98 41.96 41.82 41.72 41.60 41.65 41.64 41.66
43.47 43.37 43.13 43.26 43.24 43.29 43.17 42.98 43.05 43.22 43.16 43.08 43.15 43.08 43.09 43.15 43.27 43.31 43.30 43.30 43.35 43.34 43.34 43.35 43.21 43.23 43.21 43.20 43.19 43.15 43.14 43.23 43.32 43.30 43.36 43.47 43.47 43.47 43.50 43.47 43.43 43.38 43.38 43.35 43.28 43.19 43.08 43.22 43.21 43.03 43.04 42.93 42.69 42.67 42.57 42.27 42.36 42.40 42.21 42.20 42.22 42.09 41.86 41.64 41.90 41.90 41.92 41.99 42.02 42.02 41.99 41.85 41.74 41.67 41.71 41.67 41.69
43.49 43.35 43.28 43.32 43.32 43.20 42.98 43.06 43.15 43.24 43.08 43.03 43.00 43.13 43.13 43.16 43.24 43.30 43.30 43.28 43.32 43.33 43.30 43.33 43.28 43.15 43.19 43.22 43.20 43.11 43.10 43.22 43.34 43.40 43.45 43.51 43.52 43.54 43.51 43.47 43.46 43.45 43.41 43.34 43.31 43.12 43.09 43.30 43.25 43.10 43.03 42.97 42.82 42.73 42.65 42.57 42.47 42.42 42.36 42.17 42.29 41.99 42.08 41.97 41.95 41.91 42.03 42.04 42.07 42.07 41.99 41.89 41.81 41.80 41.77 41.77 41.75
43.48 43.37 43.36 43.36 43.27 43.13 42.97 42.95 43.13 43.25 43.16 43.09 43.08 42.97 43.06 43.13 43.08 43.10 43.18 43.24 43.26 43.30 43.25 43.30 43.26 43.13 43.15 43.21 43.15 43.06 43.07 43.21 43.39 43.46 43.55 43.57 43.56 43.57 43.50 43.44 43.44 43.42 43.40 43.30 43.24 43.10 43.11 43.25 43.20 43.14 43.01 42.98 42.87 42.74 42.61 42.59 42.55 42.51 42.36 42.31 42.28 42.23 42.05 41.81 41.95 42.02 42.08 42.09 42.09 42.11 41.99 41.97 41.92 41.89 41.83 41.83 41.79
43.45 43.45 43.41 43.33 43.27 43.13 43.07 43.03 43.08 43.15 43.22 43.10 43.07 43.00 42.99 43.00 42.98 43.02 43.00 43.23 43.19 43.26 43.24 43.26 43.20 43.22 43.19 43.15 43.08 42.91 43.03 43.30 43.42 43.49 43.56 43.58 43.59 43.54 43.50 43.42 43.34 43.27 43.31 43.29 43.24 43.26 43.30 43.21 43.14 43.13 43.01 42.95 42.89 42.66 42.52 42.50 42.40 42.51 42.52 42.38 42.27 42.08 42.09 41.93 41.89 42.04 42.03 42.10 42.12 42.15 42.08 42.04 41.97 41.92 41.85 41.80 41.72
43.50 43.45 43.42 43.36 43.27 43.24 43.06 43.04 43.04 43.12 43.21 43.13 43.05 42.92 42.94 42.97 42.97 43.00 42.97 43.15 43.17 43.18 43.20 43.19 43.16 43.03 43.09 43.08 43.02 43.08 43.06 43.31 43.47 43.52 43.57 43.57 43.53 43.56 43.50 43.46 43.47 43.40 43.33 43.25 43.37 43.28 43.31 43.24 43.10 43.04 43.05 43.00 42.91 42.79 42.68 42.61 42.42 42.26 42.44 42.50 42.30 42.19 42.24 42.10 42.02 41.89 42.04 42.16 42.19 42.18 42.09 42.03 42.00 41.96 41.89 41.84 41.74
43.51 43.47 43.42 43.35 43.28 43.25 43.15 43.05 42.98 42.96 43.06 43.08 42.94 42.91 43.00 42.94 42.95 43.01 42.89 43.05 43.10 43.14 43.13 43.11 43.08 43.08 43.08 43.09 43.05 43.00 43.09 43.34 43.44 43.50 43.55 43.56 43.53 43.60 43.58 43.57 43.52 43.30 43.21 43.16 43.27 43.33 43.25 43.24 43.11 43.00 42.97 42.97 42.92 42.87 42.77 42.72 42.58 42.58 42.43 42.53 42.31 42.29 42.24 42.16 42.05 41.91 42.08 42.20 42.21 42.21 41.99 42.00 41.96 41.93 41.90 41.88 41.82
43.50 43.47 43.41 43.32 43.26 43.25 43.15 43.04 43.00 42.98 43.10 42.87 42.87 42.80 42.89 42.96 42.91 42.92 42.90 42.99 43.04 43.08 43.02 43.02 43.02 43.04 42.99 42.92 42.83 42.90 42.92 43.29 43.41 43.46 43.49 43.46 43.52 43.57 43.56 43.30 43.39 43.27 43.17 43.12 43.00 43.18 43.25 43.22 43.13 42.98 42.93 42.88 42.86 42.85 42.83 42.75 42.65 42.48 42.64 42.55 42.35 42.44 42.36 42.23 42.09 42.09 42.19 42.24 42.28 42.15 42.12 42.00 41.91 41.82 41.85 41.82 41.75
43.47 43.39 43.33 43.21 43.06 43.12 43.02 42.95 43.01 42.96 42.99 42.93 42.87 42.75 42.87 42.83 42.90 42.93 42.90 42.86 42.92 43.00 42.93 42.94 42.93 42.85 42.74 42.79 42.85 42.90 42.92 43.23 43.34 43.39 43.42 43.46 43.48 43.47 43.38 43.31 43.29 43.18 43.14 43.09 42.85 43.20 43.23 43.18 43.14 42.85 42.99 42.92 42.80 42.81 42.77 42.80 42.72 42.58 42.70 42.55 42.45 42.50 42.40 42.27 42.15 42.13 42.06 42.31 42.33 42.18 42.09 42.01 41.89 41.74 41.82 41.82 41.75
43.45 43.40 43.28 43.12 43.03 43.05 43.05 42.98 42.99 42.97 42.93 42.80 42.83 42.62 42.82 42.84 42.84 42.87 42.90 42.84 42.90 42.95 42.91 42.93 42.91 42.66 42.76 42.68 42.89 42.70 42.97 43.17 43.28 43.29 43.33 43.40 43.36 43.39 43.36 43.32 43.24 43.16 43.09 43.00 42.97 43.15 43.19 43.16 43.08 42.94 43.04 42.94 42.73 42.63 42.56 42.71 42.78 42.69 42.72 42.60 42.58 42.55 42.45 42.38 42.25 42.13 42.28 42.38 42.27 41.81 41.92 41.96 41.89 41.78 41.71 41.53 41.69
43.44 43.32 43.21 43.15 43.12 43.11 43.07 42.97 42.79 42.91 42.87 42.85 42.78 42.72 42.72 42.79 42.83 42.80 42.77 42.80 42.88 42.88 42.88 42.89 42.90 42.84 42.73 42.39 42.87 42.76 42.89 43.10 43.20 43.24 43.26 43.31 43.32 43.30 43.27 43.22 43.03 43.13 43.11 42.92 43.01 43.14 43.16 43.17 43.10 43.06 43.05 42.97 42.88 42.78 42.76 42.70 42.69 42.72 42.69 42.65 42.60 42.56 42.52 42.46 42.33 42.26 42.37 42.28 42.13 41.86 42.14 42.02 41.91 41.46 41.50 41.53 41.48
43.45 43.19 43.15 43.13 43.17 43.12 42.99 42.95 42.92 42.97 42.91 42.83 42.76 42.69 42.74 42.78 42.81 42.85 42.83 42.76 42.84 42.86 42.87 42.86 42.86 42.85 42.80 42.77 42.78 42.65 42.92 43.02 43.11 43.18 43.21 43.19 43.25 43.24 43.22 43.25 43.21 43.17 43.08 42.99 42.97 43.09 43.15 43.16 43.14 43.08 43.07 42.91 42.94 42.79 42.77 42.77 42.68 42.66 42.70 42.75 42.68 42.63 42.58 42.57 42.44 42.53 42.44 42.23 42.05 42.24 42.15 42.05 41.86 41.61 41.55 41.60 41.49
43.40 43.28 43.13 43.21 43.05 43.11 43.01 42.94 42.98 42.84 42.79 42.79 42.84 42.67 42.73 42.79 42.78 42.69 42.83 42.77 42.71 42.81 42.83 42.82 42.83 42.83 42.82 42.82 42.78 42.80 42.93 42.99 43.05 43.13 43.17 43.15 43.21 43.21 43.21 43.19 43.18 43.15 43.07 43.01 42.85 43.10 43.07 43.09 43.09 43.11 43.07 43.05 42.94 42.78 42.88 42.83 42.72 42.71 42.71 42.73 42.73 42.67 42.55 42.62 42.56 42.49 42.42 42.24 42.09 42.22 42.10 42.00 41.57 41.64 41.60 41.58 41.51
43.38 43.21 43.19 43.24 43.10 43.16 43.06 43.03 42.88 42.87 42.90 42.89 42.85 42.75 42.69 42.76 42.79 42.76 42.82 42.76 42.73 42.76 42.82 42.80 42.82 42.82 42.81 42.78 42.79 42.82 42.88 42.98 43.00 43.08 43.14 43.14 43.16 43.17 43.16 43.14 43.12 43.05 42.94 42.77 43.00 43.07 43.06 43.07 43.09 42.88 43.02 43.06 43.06 42.91 42.97 42.83 42.76 42.75 42.71 42.75 42.74 42.66 42.60 42.65 42.57 42.48 42.39 42.19 42.26 42.20 42.09 41.99 41.64 41.62 41.59 41.60 41.54
43.31 43.23 43.26 43.29 43.21 43.18 43.12 43.02 42.94 42.95 42.96 42.89 42.91 42.86 42.78 42.75 42.77 42.80 42.81 42.79 42.79 42.81 42.81 42.81 42.82 42.80 42.81 42.79 42.82 42.83 42.88 42.94 42.98 43.06 43.10 43.09 43.12 43.16 43.13 43.11 43.05 42.95 42.86 42.96 42.94 42.97 42.94 43.02 43.07 43.08 42.96 43.06 43.05 43.04 42.98 42.93 42.85 42.81 42.82 42.76 42.79 42.76 42.68 42.63 42.50 42.53 42.43 42.31 42.22 42.16 42.07 41.96 41.68 41.67 41.66 41.62 41.56
43.44 43.33 43.22 43.24 43.25 43.21 43.11 43.03 43.00 42.98 42.98 42.93 42.89 42.90 42.86 42.74 42.80 42.80 42.80 42.78 42.77 42.81 42.80 42.80 42.81 42.80 42.80 42.82 42.84 42.84 42.91 42.94 42.98 43.05 43.03 43.08 43.12 43.09 43.07 43.10 42.88 43.03 42.99 42.90 42.75 42.76 42.94 42.99 43.04 43.05 43.01 42.96 42.95 43.03 43.04 42.98 42.94 42.88 42.84 42.87 42.84 42.73 42.67 42.64 42.36 42.38 42.40 42.34 42.27 42.12 42.01 41.66 41.64 41.62 41.64 41.64 41.60
43.47 43.41 43.34 43.29 43.29 43.24 43.15 43.08 43.03 43.01 43.02 42.98 42.93 42.94 42.92 42.83 42.80 42.80 42.86 42.76 42.81 42.78 42.80 42.79 42.82 42.79 42.83 42.84 42.83 42.85 42.89 42.93 42.96 43.01 43.02 43.05 43.02 43.01 42.95 42.94 42.88 43.09 43.06 43.03 42.93 42.90 42.96 42.99 42.89 42.98 42.94 42.89 42.95 43.07 43.06 43.02 42.97 42.89 42.94 42.88 42.77 42.73 42.65 42.62 42.43 42.35 42.36 42.27 42.24 42.12 41.97 41.69 41.63 41.59 41.61 41.64 41.63
43.51 43.43 43.42 43.34 43.31 43.26 43.20 43.09 43.04 43.06 42.95 42.94 42.93 42.98 42.95 42.90 42.83 42.83 42.86 42.80 42.81 42.82 42.81 42.79 42.83 42.81 42.83 42.83 42.82 42.88 42.90 42.89 42.94 42.98 43.01 43.03 43.01 42.98 42.86 42.83 43.06 43.13 43.14 43.13 43.08 42.89 42.72 42.93 42.96 42.87 42.93 43.02 43.05 43.11 43.08 43.05 42.92 42.88 42.94 42.90 42.83 42.75 42.72 42.65 42.57 42.42 42.38 42.29 42.21 42.11 41.94 41.69 41.71 41.70 41.69 41.69 41.64
43.51 43.49 43.47 43.42 43.37 43.25 43.21 43.15 43.09 43.10 43.06 43.03 43.00 42.99 42.99 42.85 42.83 42.89 42.87 42.83 42.81 42.83 42.81 42.80 42.82 42.82 42.82 42.85 42.87 42.86 42.86 42.83 42.89 42.93 42.97 42.98 42.93 42.86 42.82 42.96 43.11 43.15 43.20 43.13 43.06 42.92 42.90 42.93 42.87 42.85 42.79 43.08 43.12 43.10 43.12 42.97 43.02 43.01 42.96 42.84 42.78 42.74 42.70 42.63 42.58 42.47 42.28 42.18 42.17 42.02 41.78 41.71 41.68 41.66 41.67 41.67 41.64
43.50 43.50 43.49 43.45 43.39 43.32 43.24 43.17 43.11 43.11 43.11 43.08 43.05 43.02 42.96 42.95 42.92 42.90 42.87 42.86 42.84 42.85 42.84 42.83 42.83 42.85 42.84 42.87 42.89 42.87 42.87 42.88 42.88 42.85 42.90 42.83 42.79 42.79 43.01 43.06 43.13 43.19 43.24 43.18 43.08 42.85 42.90 42.90 42.75 42.98 43.05 43.05 43.11 43.14 43.11 43.08 42.98 42.94 42.84 42.82 42.77 42.74 42.67 42.60 42.51 42.45 42.37 42.29 42.18 41.93 41.87 41.72 41.75 41.63 41.61 41.60 41.62
43.48 43.47 43.44 43.43 43.41 43.35 43.27 43.22 43.16 43.08 43.05 43.08 43.10 43.03 43.00 42.98 42.94 42.93 42.90 42.87 42.86 42.86 42.85 42.84 42.85 42.86 42.86 42.88 42.87 42.84 42.87 42.87 42.88 42.89 42.85 42.84 42.77 42.80 43.05 43.11 43.18 43.21 43.25 43.21 43.19 43.14 43.10 42.89 43.06 43.09 43.11 43.14 43.15 43.06 43.15 43.09 43.06 43.01 42.95 42.89 42.82 42.77 42.65 42.62 42.54 42.39 42.21 42.22 41.98 41.95 41.88 41.78 41.83 41.71 41.54 41.57 41.59
43.48 43.44 43.38 43.34 43.26 43.27 43.24 43.18 43.09 42.97 43.03 43.05 43.08 43.03 43.00 42.97 42.96 42.95 42.92 42.91 42.89 42.88 42.87 42.86 42.87 42.86 42.90 42.88 42.85 42.82 42.85 42.92 42.93 42.89 42.91 42.92 42.87 42.90 43.03 43.10 43.22 43.20 43.28 43.26 43.24 43.21 43.14 43.09 42.90 43.14 43.17 43.17 43.16 43.17 43.14 43.11 43.06 43.00 42.86 42.84 42.80 42.75 42.66 42.59 42.48 42.36 42.25 42.14 42.00 42.02 41.93 41.84 41.85 41.74 41.54 41.56 41.59
43.43 43.33 43.33 43.26 43.24 43.28 43.20 43.15 43.10 43.08 43.03 42.99 43.05 43.05 43.02 43.00 42.98 42.97 42.95 42.93 42.91 42.92 42.90 42.89 42.91 42.91 42.88 42.86 42.81 42.80 42.83 42.83 42.95 43.00 42.95 42.88 42.93 42.94 43.10 43.16 43.24 43.28 43.30 43.32 43.24 43.26 43.22 43.16 43.16 43.14 43.18 43.21 43.22 43.14 43.15 43.11 43.03 42.95 42.81 42.82 42.71 42.66 42.58 42.57 42.45 42.25 42.20 42.00 42.05 42.06 41.98 41.94 41.83 41.69 41.59 41.56 41.58
43.40 43.35 43.37 43.35 43.24 43.15 43.02 43.11 43.10 43.11 42.98 42.88 42.94 43.11 43.05 43.04 43.00 42.98 42.97 42.93 42.93 42.95 42.92 42.92 42.93 42.88 42.80 42.83 42.85 42.84 42.85 42.93 42.98 43.08 43.08 43.03 42.98 43.04 43.02 43.13 43.04 43.20 43.24 43.34 43.23 43.29 43.23 43.13 43.19 43.23 43.18 43.23 43.22 43.20 43.15 43.08 42.84 42.76 42.77 42.74 42.72 42.59 42.55 42.54 42.36 42.35 42.16 42.04 42.06 42.08 41.99 41.97 41.90 41.76 41.59 41.49 41.55
43.40 43.36 43.44 43.37 43.31 43.23 43.17 43.19 43.18 43.12 42.93 42.91 42.96 42.99 43.08 43.06 43.05 43.03 43.02 42.99 42.98 42.99 42.97 42.96 42.92 42.84 42.84 42.84 42.87 42.88 42.95 43.01 43.08 43.14 43.13 43.02 43.09 43.10 43.13 43.14 43.15 43.23 43.33 43.35 43.32 43.31 43.21 43.13 43.19 43.25 43.26 43.26 43.23 43.18 43.09 42.85 42.88 42.81 42.67 42.64 42.66 42.58 42.52 42.46 42.42 42.31 42.10 42.11 42.11 42.11 42.06 41.98 41.89 41.70 41.69 41.51 41.48
43.53 43.42 43.45 43.43 43.41 43.36 43.22 43.20 43.15 43.08 42.91 42.97 43.07 42.92 43.12 43.12 43.09 43.07 43.06 43.03 43.01 43.00 42.98 42.96 42.93 42.89 42.93 42.91 42.92 42.91 43.02 43.08 43.12 43.16 43.14 43.00 43.15 43.12 43.17 43.24 43.18 43.25 43.35 43.37 43.33 43.31 43.27 43.11 43.24 43.22 43.29 43.26 43.22 43.14 43.06 42.89 42.83 42.84 42.72 42.54 42.58 42.56 42.42 42.45 42.33 42.08 42.10 42.11 42.02 42.09 42.10 42.01 41.90 41.82 41.66 41.53 41.41
43.57 43.49 43.45 43.50 43.47 43.37 43.15 42.97 43.03 43.08 42.97 43.07 43.16 43.16 43.13 43.14 43.11 43.11 43.09 43.07 43.04 43.01 43.00 42.99 42.98 42.95 42.98 42.97 42.93 42.90 43.03 43.15 43.20 43.23 43.20 43.16 43.17 43.23 43.26 43.26 43.23 43.30 43.34 43.40 43.38 43.38 43.33 43.29 43.30 43.29 43.30 43.26 43.17 43.13 43.05 42.98 42.86 42.87 42.76 42.63 42.53 42.47 42.41 42.26 42.31 42.09 42.11 42.18 42.18 42.17 42.11 42.00 41.91 41.83 41.69 41.56 41.48
43.60 43.59 43.56 43.54 43.50 43.36 43.26 43.19 43.22 43.21 43.15 42.99 43.11 43.19 43.20 43.19 43.18 43.15 43.14 43.11 43.09 43.07 43.06 43.06 43.06 43.06 43.04 43.05 43.04 43.00 43.13 43.11 43.22 43.27 43.30 43.29 43.22 43.26 43.29 43.33 43.25 43.31 43.28 43.32 43.41 43.37 43.38 43.30 43.35 43.33 43.28 43.27 43.22 43.15 43.09 43.03 42.94 42.81 42.75 42.66 42.55 42.49 42.43 42.34 42.39 42.18 42.24 42.16 42.10 42.17 42.15 42.00 41.90 41.79 41.72 41.65 41.50
43.58 43.63 43.57 43.57 43.52 43.37 43.01 43.20 43.25 43.29 43.17 43.17 43.25 43.27 43.28 43.27 43.25 43.22 43.20 43.18 43.16 43.14 43.13 43.13 43.11 43.06 43.09 43.05 43.00 43.03 43.12 43.17 43.18 43.28 43.30 43.32 43.29 43.31 43.35 43.37 43.35 43.35 43.31 43.39 43.42 43.39 43.40 43.38 43.36 43.33 43.16 43.21 43.20 43.16 43.09 43.03 42.93 42.84 42.75 42.65 42.62 42.55 42.53 42.39 42.36 42.32 42.28 42.24 42.22 42.21 42.14 42.01 41.96 41.85 41.69 41.50 41.53
43.63 43.62 43.64 43.59 43.51 43.42 43.28 43.33 43.28 43.30 43.31 43.17 43.25 43.33 43.24 43.33 43.31 43.29 43.26 43.26 43.23 43.21 43.22 43.20 43.19 43.18 43.09 43.09 43.06 43.12 43.15 43.21 43.28 43.32 43.30 43.33 43.30 43.33 43.36 43.39 43.40 43.38 43.31 43.35 43.42 43.42 43.41 43.38 43.35 43.13 43.18 43.01 43.14 43.09 43.08 42.98 42.87 42.80 42.71 42.71 42.70 42.63 42.58 42.50 42.43 42.37 42.24 42.19 42.18 42.24 42.14 42.08 41.97 41.75 41.76 41.62 41.35
