Australia Fires/latest.grid
ncols 886
nrows 691
xllcenter 112.0000
yllcenter -44.5000
cellsize 0.0500
nodata_value 99999.90
[rows 570 to 607 of 691, columns 672 to 755 of 886]
0.76 0.76 0.77 0.77 0.77 0.78 0.78 0.78 0.79 0.79 0.79 0.80 0.80 0.81 0.81 0.82 0.82 0.83 0.83 0.84 0.85 0.85 0.86 0.86 0.87 0.88 0.88 0.89 0.90 0.90 0.91 0.92 0.93 0.93 0.94 0.95 0.95 0.96 0.97 0.98 0.98 0.99 1.00 1.01 1.01 1.02 1.03 1.04 1.05 1.06 1.06 1.07 1.08 1.09 1.10 1.11 1.12 1.14 1.15 1.16 1.17 1.18 1.20 1.21 1.22 1.24 1.25 1.26 1.28 1.29 1.30 1.32 1.33 1.34 1.35 1.36 1.38 1.39 1.40 1.40 1.41 1.42 1.43 1.43
0.78 0.78 0.78 0.79 0.79 0.79 0.80 0.80 0.80 0.81 0.81 0.82 0.82 0.82 0.83 0.84 0.84 0.85 0.85 0.86 0.86 0.87 0.88 0.88 0.89 0.89 0.90 0.91 0.91 0.92 0.93 0.93 0.94 0.95 0.95 0.96 0.97 0.97 0.98 0.99 0.99 1.00 1.01 1.02 1.02 1.03 1.04 1.05 1.05 1.06 1.07 1.08 1.09 1.10 1.11 1.12 1.13 1.14 1.15 1.16 1.17 1.19 1.20 1.21 1.22 1.24 1.25 1.27 1.28 1.29 1.31 1.32 1.33 1.34 1.36 1.37 1.38 1.39 1.40 1.41 1.42 1.42 1.43 1.44
0.79 0.80 0.80 0.80 0.81 0.81 0.81 0.82 0.82 0.82 0.83 0.83 0.84 0.84 0.85 0.85 0.86 0.86 0.87 0.88 0.88 0.89 0.89 0.90 0.91 0.91 0.92 0.92 0.93 0.94 0.94 0.95 0.96 0.96 0.97 0.98 0.98 0.99 0.99 1.00 1.01 1.01 1.02 1.03 1.03 1.04 1.05 1.06 1.06 1.07 1.08 1.09 1.09 1.10 1.11 1.12 1.13 1.14 1.15 1.16 1.18 1.19 1.20 1.21 1.23 1.24 1.25 1.27 1.28 1.29 1.31 1.32 1.33 1.34 1.36 1.37 1.38 1.39 1.40 1.41 1.42 1.43 1.43 1.44
0.81 0.81 0.82 0.82 0.82 0.83 0.83 0.83 0.84 0.84 0.85 0.85 0.86 0.86 0.87 0.87 0.88 0.88 0.89 0.89 0.90 0.91 0.91 0.92 0.92 0.93 0.94 0.94 0.95 0.96 0.96 0.97 0.97 0.98 0.99 0.99 1.00 1.00 1.01 1.02 1.02 1.03 1.03 1.04 1.05 1.05 1.06 1.06 1.07 1.08 1.09 1.09 1.10 1.11 1.12 1.13 1.13 1.14 1.15 1.17 1.18 1.19 1.20 1.21 1.22 1.24 1.25 1.26 1.28 1.29 1.31 1.32 1.33 1.34 1.36 1.37 1.38 1.39 1.40 1.41 1.42 1.43 1.43 1.44
0.83 0.83 0.83 0.84 0.84 0.84 0.85 0.85 0.86 0.86 0.86 0.87 0.87 0.88 0.88 0.89 0.89 0.90 0.91 0.91 0.92 0.92 0.93 0.94 0.94 0.95 0.95 0.96 0.97 0.97 0.98 0.99 0.99 1.00 1.00 1.01 1.01 1.02 1.03 1.03 1.04 1.04 1.05 1.05 1.06 1.06 1.07 1.07 1.08 1.09 1.09 1.10 1.11 1.11 1.12 1.13 1.14 1.15 1.16 1.17 1.18 1.19 1.20 1.21 1.22 1.24 1.25 1.26 1.28 1.29 1.30 1.32 1.33 1.34 1.35 1.37 1.38 1.39 1.40 1.41 1.42 1.43 1.44 1.44
0.84 0.85 0.85 0.85 0.86 0.86 0.86 0.87 0.87 0.88 0.88 0.89 0.89 0.90 0.90 0.91 0.91 0.92 0.92 0.93 0.94 0.94 0.95 0.95 0.96 0.97 0.97 0.98 0.99 0.99 1.00 1.00 1.01 1.02 1.02 1.03 1.03 1.04 1.04 1.05 1.05 1.06 1.06 1.07 1.07 1.08 1.08 1.08 1.09 1.09 1.10 1.11 1.11 1.12 1.12 1.13 1.14 1.15 1.16 1.16 1.17 1.18 1.20 1.21 1.22 1.23 1.24 1.26 1.27 1.28 1.30 1.31 1.33 1.34 1.35 1.36 1.38 1.39 1.40 1.41 1.42 1.43 1.44 1.44
0.86 0.86 0.87 0.87 0.87 0.88 0.88 0.88 0.89 0.89 0.90 0.90 0.91 0.91 0.92 0.92 0.93 0.94 0.94 0.95 0.95 0.96 0.97 0.97 0.98 0.99 0.99 1.00 1.01 1.01 1.02 1.02 1.03 1.03 1.04 1.05 1.05 1.05 1.06 1.06 1.07 1.07 1.08 1.08 1.08 1.09 1.09 1.09 1.10 1.10 1.11 1.11 1.12 1.12 1.13 1.13 1.14 1.15 1.15 1.16 1.17 1.18 1.19 1.20 1.21 1.22 1.24 1.25 1.26 1.28 1.29 1.30 1.32 1.33 1.35 1.36 1.37 1.38 1.39 1.41 1.42 1.42 1.43 1.44
0.88 0.88 0.88 0.89 0.89 0.89 0.90 0.90 0.91 0.91 0.91 0.92 0.92 0.93 0.94 0.94 0.95 0.95 0.96 0.97 0.97 0.98 0.99 0.99 1.00 1.01 1.01 1.02 1.03 1.03 1.04 1.04 1.05 1.05 1.06 1.06 1.07 1.07 1.08 1.08 1.08 1.09 1.09 1.09 1.10 1.10 1.10 1.10 1.11 1.11 1.11 1.12 1.12 1.12 1.13 1.13 1.14 1.14 1.15 1.15 1.16 1.17 1.18 1.19 1.20 1.21 1.23 1.24 1.25 1.27 1.28 1.29 1.31 1.32 1.34 1.35 1.36 1.38 1.39 1.40 1.41 1.42 1.43 1.44
0.89 0.89 0.90 0.90 0.91 0.91 0.91 0.92 0.92 0.93 0.93 0.94 0.94 0.95 0.95 0.96 0.96 0.97 0.98 0.98 0.99 1.00 1.00 1.01 1.02 1.03 1.03 1.04 1.04 1.05 1.06 1.06 1.07 1.07 1.08 1.08 1.09 1.09 1.09 1.10 1.10 1.10 1.10 1.11 1.11 1.11 1.11 1.11 1.11 1.11 1.12 1.12 1.12 1.12 1.12 1.13 1.13 1.13 1.14 1.14 1.15 1.16 1.17 1.18 1.19 1.20 1.21 1.22 1.23 1.25 1.26 1.28 1.29 1.31 1.32 1.34 1.35 1.36 1.38 1.39 1.40 1.41 1.41 1.41
0.91 0.91 0.91 0.92 0.92 0.92 0.93 0.93 0.94 0.94 0.95 0.95 0.96 0.96 0.97 0.98 0.98 0.99 1.00 1.00 1.01 1.02 1.02 1.03 1.04 1.04 1.05 1.06 1.06 1.07 1.08 1.08 1.09 1.09 1.10 1.10 1.10 1.11 1.11 1.11 1.11 1.12 1.12 1.12 1.12 1.12 1.12 1.12 1.12 1.12 1.12 1.12 1.12 1.12 1.12 1.12 1.12 1.12 1.12 1.13 1.13 1.14 1.15 1.15 1.16 1.17 1.19 1.20 1.21 1.23 1.24 1.25 1.27 1.29 1.30 1.32 1.33 1.34 1.35 1.36 1.36 1.37 1.37 1.38
0.92 0.92 0.93 0.93 0.94 0.94 0.94 0.95 0.95 0.96 0.96 0.97 0.97 0.98 0.99 0.99 1.00 1.01 1.01 1.02 1.03 1.04 1.04 1.05 1.06 1.06 1.07 1.08 1.08 1.09 1.09 1.10 1.11 1.11 1.11 1.12 1.12 1.12 1.12 1.13 1.13 1.13 1.13 1.13 1.13 1.12 1.12 1.12 1.12 1.12 1.11 1.11 1.11 1.11 1.10 1.10 1.10 1.10 1.10 1.11 1.11 1.11 1.12 1.13 1.13 1.14 1.15 1.17 1.18 1.19 1.21 1.22 1.24 1.25 1.27 1.28 1.29 1.30 1.31 1.31 1.32 1.33 1.33 1.34
0.93 0.94 0.94 0.95 0.95 0.95 0.96 0.96 0.97 0.97 0.98 0.98 0.99 1.00 1.00 1.01 1.02 1.02 1.03 1.04 1.05 1.05 1.06 1.07 1.08 1.08 1.09 1.10 1.10 1.11 1.11 1.12 1.12 1.13 1.13 1.13 1.14 1.14 1.14 1.14 1.14 1.14 1.14 1.13 1.13 1.13 1.12 1.12 1.12 1.11 1.11 1.10 1.10 1.09 1.09 1.08 1.08 1.08 1.08 1.08 1.08 1.08 1.09 1.09 1.10 1.11 1.12 1.13 1.14 1.15 1.17 1.18 1.20 1.21 1.22 1.23 1.24 1.25 1.26 1.27 1.28 1.29 1.29 1.30
0.95 0.95 0.96 0.96 0.96 0.97 0.97 0.98 0.98 0.99 0.99 1.00 1.01 1.01 1.02 1.03 1.03 1.04 1.05 1.06 1.06 1.07 1.08 1.09 1.09 1.10 1.11 1.11 1.12 1.13 1.13 1.13 1.14 1.14 1.15 1.15 1.15 1.15 1.15 1.15 1.15 1.14 1.14 1.14 1.13 1.13 1.12 1.12 1.11 1.10 1.09 1.09 1.08 1.07 1.07 1.06 1.05 1.05 1.05 1.04 1.04 1.04 1.04 1.05 1.05 1.06 1.07 1.08 1.09 1.10 1.12 1.13 1.15 1.16 1.17 1.19 1.20 1.21 1.22 1.23 1.24 1.25 1.26 1.27
0.96 0.96 0.97 0.97 0.98 0.98 0.99 0.99 1.00 1.00 1.01 1.02 1.02 1.03 1.04 1.04 1.05 1.06 1.07 1.07 1.08 1.09 1.10 1.10 1.11 1.12 1.12 1.13 1.14 1.14 1.15 1.15 1.15 1.16 1.16 1.16 1.16 1.16 1.16 1.15 1.15 1.15 1.14 1.14 1.13 1.12 1.11 1.11 1.10 1.09 1.08 1.07 1.06 1.05 1.04 1.03 1.02 1.01 1.01 1.00 1.00 1.00 0.99 1.00 1.00 1.00 1.01 1.02 1.03 1.05 1.06 1.08 1.10 1.11 1.13 1.14 1.16 1.17 1.18 1.20 1.21 1.22 1.23 1.23
0.97 0.98 0.98 0.99 0.99 1.00 1.00 1.01 1.01 1.02 1.02 1.03 1.04 1.04 1.05 1.06 1.07 1.07 1.08 1.09 1.10 1.11 1.11 1.12 1.13 1.13 1.14 1.15 1.15 1.16 1.16 1.16 1.17 1.17 1.17 1.17 1.17 1.17 1.16 1.16 1.15 1.15 1.14 1.13 1.12 1.11 1.10 1.09 1.08 1.07 1.05 1.04 1.03 1.02 1.00 0.99 0.98 0.97 0.96 0.95 0.95 0.94 0.94 0.94 0.94 0.94 0.95 0.96 0.98 0.99 1.01 1.03 1.05 1.07 1.08 1.10 1.12 1.13 1.15 1.16 1.17 1.18 1.19 1.20
0.99 0.99 0.99 1.00 1.00 1.01 1.01 1.02 1.03 1.03 1.04 1.05 1.05 1.06 1.07 1.07 1.08 1.09 1.10 1.11 1.11 1.12 1.13 1.14 1.14 1.15 1.15 1.16 1.16 1.17 1.17 1.17 1.18 1.18 1.18 1.17 1.17 1.17 1.16 1.16 1.15 1.14 1.13 1.12 1.11 1.10 1.08 1.07 1.06 1.04 1.03 1.01 0.99 0.98 0.96 0.95 0.94 0.92 0.91 0.90 0.89 0.89 0.88 0.88 0.88 0.88 0.88 0.90 0.92 0.94 0.96 0.98 1.00 1.02 1.04 1.06 1.08 1.09 1.11 1.13 1.14 1.15 1.17 1.18
1.00 1.00 1.01 1.01 1.02 1.02 1.03 1.03 1.04 1.05 1.05 1.06 1.07 1.07 1.08 1.09 1.10 1.11 1.11 1.12 1.13 1.14 1.14 1.15 1.16 1.16 1.17 1.17 1.18 1.18 1.18 1.18 1.18 1.18 1.18 1.18 1.17 1.17 1.16 1.15 1.14 1.13 1.12 1.11 1.09 1.08 1.06 1.04 1.03 1.01 0.99 0.97 0.96 0.94 0.92 0.91 0.89 0.88 0.86 0.85 0.84 0.83 0.82 0.82 0.82 0.81 0.82 0.84 0.86 0.88 0.91 0.93 0.95 0.98 1.00 1.02 1.04 1.06 1.08 1.09 1.11 1.12 1.14 1.15
1.01 1.01 1.02 1.02 1.03 1.03 1.04 1.05 1.05 1.06 1.07 1.07 1.08 1.09 1.10 1.10 1.11 1.12 1.13 1.14 1.14 1.15 1.16 1.16 1.17 1.17 1.18 1.18 1.19 1.19 1.19 1.19 1.19 1.18 1.18 1.18 1.17 1.16 1.15 1.14 1.13 1.12 1.10 1.09 1.07 1.05 1.03 1.01 0.99 0.97 0.95 0.93 0.91 0.90 0.88 0.86 0.84 0.83 0.81 0.80 0.78 0.77 0.77 0.76 0.75 0.75 0.76 0.78 0.80 0.83 0.85 0.88 0.91 0.93 0.95 0.98 1.00 1.02 1.04 1.06 1.08 1.10 1.11 1.12
1.02 1.02 1.03 1.03 1.04 1.05 1.05 1.06 1.07 1.07 1.08 1.09 1.09 1.10 1.11 1.12 1.13 1.13 1.14 1.15 1.16 1.16 1.17 1.17 1.18 1.18 1.19 1.19 1.19 1.19 1.19 1.19 1.19 1.18 1.18 1.17 1.16 1.15 1.14 1.13 1.11 1.10 1.08 1.06 1.04 1.02 1.00 0.98 0.96 0.94 0.91 0.89 0.87 0.85 0.83 0.81 0.79 0.78 0.76 0.75 0.73 0.72 0.71 0.71 0.70 0.70 0.70 0.71 0.74 0.77 0.80 0.83 0.86 0.89 0.91 0.94 0.96 0.99 1.01 1.03 1.05 1.07 1.08 1.10
1.03 1.03 1.04 1.04 1.05 1.06 1.06 1.07 1.08 1.08 1.09 1.10 1.11 1.12 1.12 1.13 1.14 1.15 1.15 1.16 1.17 1.17 1.18 1.18 1.19 1.19 1.19 1.20 1.20 1.20 1.19 1.19 1.18 1.18 1.17 1.16 1.15 1.14 1.12 1.11 1.09 1.07 1.05 1.03 1.01 0.99 0.96 0.94 0.92 0.90 0.87 0.85 0.83 0.81 0.79 0.77 0.75 0.73 0.71 0.70 0.69 0.68 0.67 0.66 0.65 0.65 0.64 0.65 0.68 0.71 0.75 0.78 0.81 0.84 0.87 0.90 0.93 0.95 0.98 1.00 1.02 1.04 1.06 1.08
1.03 1.04 1.05 1.05 1.06 1.07 1.07 1.08 1.09 1.10 1.10 1.11 1.12 1.13 1.14 1.14 1.15 1.16 1.16 1.17 1.18 1.18 1.19 1.19 1.20 1.20 1.20 1.20 1.20 1.19 1.19 1.18 1.18 1.17 1.16 1.15 1.13 1.12 1.10 1.08 1.06 1.04 1.02 1.00 0.98 0.95 0.93 0.90 0.88 0.85 0.83 0.81 0.79 0.76 0.74 0.72 0.71 0.69 0.67 0.66 0.65 0.63 0.62 0.62 0.61 0.61 0.60 0.60 0.62 0.66 0.69 0.73 0.76 0.80 0.83 0.86 0.89 0.92 0.95 0.97 0.99 1.02 1.04 1.05
1.04 1.05 1.06 1.06 1.07 1.08 1.08 1.09 1.10 1.11 1.11 1.12 1.13 1.14 1.15 1.15 1.16 1.17 1.17 1.18 1.19 1.19 1.19 1.20 1.20 1.20 1.20 1.20 1.20 1.19 1.18 1.18 1.17 1.16 1.14 1.13 1.11 1.09 1.08 1.06 1.03 1.01 0.99 0.96 0.94 0.91 0.89 0.86 0.84 0.81 0.79 0.77 0.75 0.72 0.70 0.69 0.67 0.65 0.64 0.62 0.61 0.60 0.59 0.58 0.58 0.57 0.57 0.57 0.57 0.60 0.64 0.68 0.72 0.75 0.79 0.82 0.86 0.89 0.92 0.94 0.97 0.99 1.01 1.03
1.05 1.06 1.06 1.07 1.08 1.08 1.09 1.10 1.11 1.12 1.12 1.13 1.14 1.15 1.16 1.16 1.17 1.18 1.18 1.19 1.19 1.20 1.20 1.20 1.20 1.20 1.20 1.20 1.19 1.18 1.18 1.17 1.15 1.14 1.12 1.11 1.09 1.07 1.05 1.03 1.00 0.98 0.95 0.93 0.90 0.88 0.85 0.83 0.80 0.78 0.75 0.73 0.71 0.69 0.67 0.65 0.64 0.62 0.61 0.59 0.58 0.57 0.56 0.56 0.55 0.55 0.54 0.54 0.54 0.55 0.59 0.63 0.67 0.71 0.75 0.79 0.82 0.85 0.89 0.91 0.94 0.97 0.99 1.01
1.05 1.06 1.07 1.08 1.08 1.09 1.10 1.11 1.12 1.12 1.13 1.14 1.15 1.16 1.16 1.17 1.18 1.18 1.19 1.19 1.20 1.20 1.20 1.20 1.20 1.20 1.20 1.19 1.18 1.17 1.16 1.15 1.14 1.12 1.10 1.08 1.06 1.04 1.02 0.99 0.97 0.94 0.92 0.89 0.87 0.84 0.82 0.79 0.77 0.74 0.72 0.70 0.68 0.66 0.64 0.62 0.61 0.60 0.58 0.57 0.56 0.55 0.54 0.54 0.53 0.53 0.53 0.52 0.52 0.53 0.54 0.58 0.62 0.67 0.71 0.75 0.79 0.82 0.86 0.89 0.91 0.94 0.97 0.99
1.06 1.06 1.07 1.08 1.09 1.10 1.11 1.11 1.12 1.13 1.14 1.15 1.16 1.16 1.17 1.18 1.18 1.19 1.19 1.20 1.20 1.20 1.20 1.20 1.20 1.20 1.19 1.18 1.17 1.16 1.15 1.13 1.12 1.10 1.08 1.06 1.04 1.01 0.99 0.96 0.94 0.91 0.89 0.86 0.83 0.81 0.78 0.76 0.73 0.71 0.69 0.67 0.65 0.63 0.62 0.60 0.59 0.58 0.56 0.55 0.54 0.54 0.53 0.52 0.52 0.52 0.51 0.51 0.51 0.51 0.52 0.54 0.58 0.63 0.67 0.71 0.75 0.79 0.83 0.86 0.89 0.92 0.94 0.97
1.06 1.07 1.08 1.08 1.09 1.10 1.11 1.12 1.13 1.14 1.15 1.15 1.16 1.17 1.18 1.18 1.19 1.19 1.20 1.20 1.20 1.20 1.20 1.20 1.19 1.19 1.18 1.17 1.16 1.15 1.13 1.12 1.10 1.08 1.06 1.03 1.01 0.98 0.96 0.93 0.91 0.88 0.85 0.83 0.80 0.78 0.75 0.73 0.71 0.69 0.67 0.65 0.63 0.61 0.60 0.58 0.57 0.56 0.55 0.54 0.53 0.53 0.52 0.52 0.51 0.51 0.51 0.51 0.51 0.51 0.51 0.52 0.54 0.58 0.63 0.68 0.72 0.76 0.80 0.83 0.86 0.89 0.92 0.95
1.06 1.07 1.08 1.09 1.10 1.11 1.11 1.12 1.13 1.14 1.15 1.16 1.17 1.17 1.18 1.19 1.19 1.20 1.20 1.20 1.20 1.20 1.20 1.19 1.19 1.18 1.17 1.16 1.15 1.13 1.11 1.10 1.08 1.05 1.03 1.01 0.98 0.96 0.93 0.90 0.88 0.85 0.83 0.80 0.77 0.75 0.73 0.71 0.68 0.66 0.65 0.63 0.61 0.60 0.58 0.57 0.56 0.55 0.54 0.53 0.53 0.52 0.52 0.51 0.51 0.51 0.51 0.51 0.51 0.51 0.51 0.51 0.52 0.55 0.59 0.64 0.69 0.73 0.77 0.80 0.84 0.87 0.90 0.93
1.06 1.07 1.08 1.09 1.10 1.11 1.12 1.13 1.14 1.14 1.15 1.16 1.17 1.18 1.18 1.19 1.19 1.20 1.20 1.20 1.20 1.20 1.19 1.19 1.18 1.17 1.16 1.15 1.13 1.11 1.10 1.08 1.05 1.03 1.01 0.98 0.96 0.93 0.90 0.88 0.85 0.83 0.80 0.78 0.75 0.73 0.71 0.69 0.67 0.65 0.63 0.62 0.60 0.59 0.58 0.56 0.55 0.55 0.54 0.53 0.53 0.52 0.52 0.51 0.51 0.51 0.51 0.51 0.51 0.51 0.51 0.51 0.51 0.52 0.56 0.60 0.65 0.70 0.74 0.78 0.81 0.85 0.88 0.91
1.06 1.07 1.08 1.09 1.10 1.11 1.12 1.13 1.14 1.15 1.16 1.16 1.17 1.18 1.18 1.19 1.19 1.20 1.20 1.20 1.20 1.19 1.19 1.18 1.17 1.16 1.15 1.13 1.12 1.10 1.08 1.06 1.04 1.01 0.99 0.96 0.94 0.91 0.88 0.86 0.83 0.81 0.78 0.76 0.73 0.71 0.69 0.67 0.65 0.64 0.62 0.61 0.59 0.58 0.57 0.56 0.55 0.54 0.54 0.53 0.53 0.52 0.52 0.52 0.51 0.51 0.51 0.51 0.51 0.51 0.51 0.52 0.52 0.52 0.53 0.57 0.62 0.67 0.71 0.75 0.79 0.82 0.86 0.89
1.06 1.07 1.08 1.09 1.10 1.11 1.12 1.13 1.14 1.15 1.16 1.16 1.17 1.18 1.18 1.19 1.19 1.20 1.20 1.20 1.19 1.19 1.18 1.17 1.16 1.15 1.14 1.12 1.10 1.08 1.06 1.04 1.02 0.99 0.97 0.94 0.92 0.89 0.86 0.84 0.81 0.79 0.77 0.74 0.72 0.70 0.68 0.66 0.65 0.63 0.62 0.60 0.59 0.58 0.57 0.56 0.55 0.55 0.54 0.53 0.53 0.53 0.52 0.52 0.52 0.52 0.52 0.52 0.52 0.52 0.52 0.52 0.52 0.53 0.53 0.55 0.59 0.64 0.68 0.73 0.77 0.80 0.84 0.87
1.06 1.07 1.08 1.09 1.10 1.11 1.12 1.13 1.14 1.15 1.15 1.16 1.17 1.18 1.18 1.19 1.19 1.19 1.19 1.19 1.19 1.18 1.18 1.17 1.16 1.14 1.13 1.11 1.09 1.07 1.05 1.03 1.00 0.98 0.95 0.93 0.90 0.88 0.85 0.83 0.80 0.78 0.76 0.73 0.71 0.69 0.68 0.66 0.64 0.63 0.61 0.60 0.59 0.58 0.57 0.56 0.56 0.55 0.55 0.54 0.54 0.53 0.53 0.53 0.53 0.53 0.53 0.53 0.53 0.53 0.53 0.53 0.53 0.53 0.54 0.54 0.56 0.61 0.66 0.70 0.74 0.78 0.81 0.85
1.06 1.07 1.08 1.09 1.10 1.11 1.12 1.13 1.14 1.14 1.15 1.16 1.17 1.18 1.18 1.18 1.19 1.19 1.19 1.19 1.18 1.18 1.17 1.16 1.15 1.13 1.12 1.10 1.08 1.06 1.04 1.02 0.99 0.97 0.94 0.92 0.89 0.87 0.84 0.82 0.79 0.77 0.75 0.73 0.71 0.69 0.67 0.66 0.64 0.63 0.62 0.61 0.59 0.59 0.58 0.57 0.56 0.56 0.55 0.55 0.54 0.54 0.54 0.54 0.54 0.53 0.53 0.53 0.53 0.54 0.54 0.54 0.54 0.54 0.54 0.55 0.55 0.58 0.63 0.68 0.72 0.76 0.79 0.83
1.06 1.07 1.08 1.09 1.10 1.11 1.12 1.13 1.13 1.14 1.15 1.16 1.17 1.17 1.18 1.18 1.18 1.19 1.18 1.18 1.18 1.17 1.16 1.15 1.14 1.13 1.11 1.09 1.07 1.05 1.03 1.01 0.99 0.96 0.94 0.91 0.89 0.86 0.84 0.81 0.79 0.77 0.75 0.73 0.71 0.69 0.68 0.66 0.65 0.63 0.62 0.61 0.60 0.59 0.58 0.58 0.57 0.57 0.56 0.56 0.55 0.55 0.55 0.55 0.55 0.54 0.54 0.54 0.54 0.54 0.55 0.55 0.55 0.55 0.55 0.55 0.56 0.57 0.60 0.65 0.69 0.74 0.77 0.81
1.06 1.07 1.08 1.09 1.10 1.11 1.11 1.12 1.13 1.14 1.15 1.16 1.16 1.17 1.17 1.18 1.18 1.18 1.18 1.18 1.17 1.17 1.16 1.15 1.14 1.12 1.11 1.09 1.07 1.05 1.03 1.00 0.98 0.96 0.93 0.91 0.88 0.86 0.84 0.81 0.79 0.77 0.75 0.73 0.71 0.70 0.68 0.67 0.65 0.64 0.63 0.62 0.61 0.60 0.59 0.59 0.58 0.58 0.57 0.57 0.56 0.56 0.56 0.56 0.56 0.55 0.55 0.55 0.55 0.55 0.55 0.56 0.56 0.56 0.56 0.56 0.56 0.57 0.58 0.63 0.67 0.71 0.75 0.79
1.06 1.07 1.08 1.09 1.10 1.10 1.11 1.12 1.13 1.14 1.15 1.15 1.16 1.17 1.17 1.18 1.18 1.18 1.18 1.17 1.17 1.16 1.15 1.14 1.13 1.12 1.10 1.08 1.07 1.05 1.02 1.00 0.98 0.96 0.93 0.91 0.89 0.86 0.84 0.82 0.80 0.78 0.76 0.74 0.72 0.70 0.69 0.67 0.66 0.65 0.64 0.63 0.62 0.61 0.60 0.60 0.59 0.59 0.58 0.58 0.57 0.57 0.57 0.57 0.57 0.56 0.56 0.56 0.56 0.56 0.56 0.56 0.57 0.57 0.57 0.57 0.57 0.57 0.58 0.61 0.65 0.69 0.73 0.77
1.06 1.07 1.08 1.09 1.09 1.10 1.11 1.12 1.13 1.14 1.14 1.15 1.16 1.16 1.17 1.17 1.17 1.17 1.17 1.17 1.17 1.16 1.15 1.14 1.13 1.12 1.10 1.08 1.06 1.04 1.02 1.00 0.98 0.96 0.93 0.91 0.89 0.87 0.84 0.82 0.80 0.78 0.76 0.75 0.73 0.71 0.70 0.68 0.67 0.66 0.65 0.64 0.63 0.62 0.61 0.61 0.60 0.60 0.59 0.59 0.58 0.58 0.58 0.58 0.58 0.57 0.57 0.57 0.57 0.57 0.57 0.57 0.57 0.57 0.58 0.58 0.58 0.58 0.58 0.59 0.63 0.67 0.71 0.75
1.06 1.07 1.08 1.08 1.09 1.10 1.11 1.12 1.13 1.13 1.14 1.15 1.15 1.16 1.16 1.17 1.17 1.17 1.17 1.17 1.16 1.16 1.15 1.14 1.13 1.11 1.10 1.08 1.06 1.05 1.03 1.00 0.98 0.96 0.94 0.92 0.89 0.87 0.85 0.83 0.81 0.79 0.77 0.75 0.74 0.72 0.71 0.69 0.68 0.67 0.66 0.65 0.64 0.63 0.63 0.62 0.61 0.61 0.60 0.60 0.60 0.59 0.59 0.59 0.59 0.58 0.58 0.58 0.58 0.58 0.58 0.58 0.58 0.58 0.58 0.58 0.58 0.59 0.59 0.59 0.61 0.65 0.69 0.73
1.06 1.07 1.08 1.08 1.09 1.10 1.11 1.12 1.12 1.13 1.14 1.14 1.15 1.16 1.16 1.16 1.17 1.17 1.17 1.16 1.16 1.15 1.15 1.14 1.12 1.11 1.10 1.08 1.06 1.05 1.03 1.01 0.99 0.97 0.94 0.92 0.90 0.88 0.86 0.84 0.82 0.80 0.78 0.77 0.75 0.73 0.72 0.71 0.69 0.68 0.67 0.66 0.65 0.64 0.64 0.63 0.62 0.62 0.61 0.61 0.61 0.60 0.60 0.60 0.60 0.59 0.59 0.59 0.59 0.59 0.59 0.59 0.59 0.59 0.59 0.59 0.59 0.59 0.59 0.59 0.60 0.63 0.67 0.71
