Australia Fires/latest.grid
ncols 886
nrows 691
xllcenter 112.0000
yllcenter -44.5000
cellsize 0.0500
nodata_value 99999.90
[rows 38 to 75 of 691, columns 420 to 503 of 886]
0.69 0.70 0.70 0.71 0.72 0.72 0.73 0.74 0.74 0.75 0.76 0.76 0.77 0.78 0.79 0.80 0.81 0.82 0.83 0.84 0.86 0.87 0.88 0.89 0.90 0.92 0.93 0.94 0.95 0.96 0.97 0.98 0.99 1.00 1.01 1.02 1.03 1.04 1.06 1.07 1.08 1.09 1.10 1.11 1.12 1.13 1.14 1.15 1.15 1.16 1.17 1.17 1.17 1.17 1.16 1.16 1.15 1.13 1.12 1.10 1.07 1.05 1.02 0.99 0.96 0.93 0.90 0.87 0.84 0.82 0.79 0.76 0.74 0.72 0.70 0.68 0.67 0.65 0.64 0.63 0.62 0.61 0.60 0.59
0.69 0.70 0.71 0.71 0.72 0.73 0.73 0.74 0.75 0.75 0.76 0.77 0.78 0.79 0.80 0.81 0.82 0.83 0.84 0.85 0.86 0.87 0.89 0.90 0.91 0.92 0.93 0.94 0.95 0.96 0.97 0.98 0.99 1.00 1.01 1.02 1.03 1.04 1.05 1.06 1.07 1.08 1.10 1.11 1.12 1.12 1.13 1.14 1.15 1.15 1.16 1.16 1.16 1.15 1.15 1.14 1.13 1.11 1.09 1.07 1.05 1.02 0.99 0.96 0.93 0.89 0.86 0.83 0.79 0.76 0.73 0.71 0.68 0.66 0.64 0.62 0.60 0.59 0.57 0.56 0.55 0.54 0.53 0.52
0.70 0.71 0.71 0.72 0.73 0.73 0.74 0.75 0.75 0.76 0.77 0.78 0.78 0.79 0.80 0.81 0.82 0.83 0.84 0.86 0.87 0.88 0.89 0.90 0.91 0.93 0.94 0.95 0.96 0.97 0.98 0.99 1.00 1.01 1.01 1.02 1.03 1.04 1.05 1.06 1.07 1.08 1.09 1.10 1.11 1.12 1.13 1.13 1.14 1.15 1.15 1.15 1.15 1.14 1.14 1.13 1.11 1.09 1.07 1.05 1.02 0.99 0.96 0.93 0.89 0.85 0.82 0.78 0.75 0.71 0.68 0.65 0.63 0.60 0.58 0.56 0.54 0.53 0.51 0.50 0.48 0.47 0.46 0.46
0.71 0.71 0.72 0.73 0.73 0.74 0.75 0.75 0.76 0.77 0.77 0.78 0.79 0.80 0.81 0.82 0.83 0.84 0.85 0.86 0.87 0.89 0.90 0.91 0.92 0.93 0.94 0.95 0.96 0.97 0.98 0.99 1.00 1.01 1.02 1.02 1.03 1.04 1.05 1.06 1.07 1.08 1.09 1.10 1.11 1.12 1.12 1.13 1.13 1.14 1.14 1.14 1.14 1.13 1.12 1.11 1.10 1.08 1.05 1.03 1.00 0.97 0.93 0.89 0.86 0.82 0.78 0.74 0.70 0.67 0.64 0.61 0.58 0.55 0.53 0.51 0.49 0.47 0.45 0.44 0.43 0.42 0.41 0.40
0.72 0.72 0.73 0.74 0.74 0.75 0.75 0.76 0.77 0.78 0.78 0.79 0.80 0.81 0.82 0.83 0.84 0.85 0.86 0.87 0.88 0.89 0.91 0.92 0.93 0.94 0.95 0.96 0.97 0.97 0.98 0.99 1.00 1.01 1.02 1.03 1.03 1.04 1.05 1.06 1.07 1.08 1.09 1.10 1.10 1.11 1.12 1.12 1.13 1.13 1.13 1.13 1.13 1.12 1.11 1.10 1.08 1.06 1.04 1.01 0.98 0.94 0.90 0.86 0.82 0.78 0.74 0.70 0.66 0.63 0.59 0.56 0.53 0.50 0.48 0.46 0.44 0.42 0.40 0.39 0.37 0.36 0.35 0.34
0.73 0.73 0.74 0.75 0.75 0.76 0.76 0.77 0.78 0.79 0.79 0.80 0.81 0.82 0.83 0.84 0.85 0.86 0.87 0.88 0.89 0.90 0.91 0.92 0.93 0.94 0.95 0.96 0.97 0.98 0.99 1.00 1.00 1.01 1.02 1.03 1.03 1.04 1.05 1.06 1.07 1.08 1.08 1.09 1.10 1.11 1.11 1.12 1.12 1.12 1.12 1.12 1.12 1.11 1.10 1.08 1.07 1.04 1.02 0.99 0.95 0.92 0.88 0.84 0.79 0.75 0.71 0.67 0.63 0.59 0.55 0.52 0.49 0.46 0.43 0.41 0.39 0.37 0.36 0.34 0.33 0.32 0.30 0.30
0.74 0.74 0.75 0.76 0.76 0.77 0.77 0.78 0.79 0.80 0.80 0.81 0.82 0.83 0.84 0.85 0.86 0.87 0.88 0.89 0.90 0.91 0.92 0.93 0.94 0.95 0.96 0.97 0.98 0.98 0.99 1.00 1.01 1.01 1.02 1.03 1.04 1.04 1.05 1.06 1.07 1.07 1.08 1.09 1.10 1.10 1.11 1.11 1.12 1.12 1.12 1.11 1.11 1.10 1.09 1.07 1.05 1.03 1.00 0.97 0.93 0.89 0.85 0.81 0.77 0.72 0.68 0.63 0.59 0.55 0.52 0.48 0.45 0.42 0.39 0.37 0.35 0.33 0.31 0.30 0.28 0.27 0.26 0.25
0.75 0.76 0.76 0.77 0.77 0.78 0.79 0.79 0.80 0.81 0.82 0.82 0.83 0.84 0.85 0.86 0.87 0.88 0.89 0.90 0.91 0.92 0.93 0.94 0.95 0.96 0.97 0.97 0.98 0.99 1.00 1.00 1.01 1.02 1.02 1.03 1.04 1.04 1.05 1.06 1.07 1.07 1.08 1.09 1.09 1.10 1.10 1.11 1.11 1.11 1.11 1.11 1.10 1.09 1.07 1.06 1.04 1.01 0.98 0.95 0.91 0.87 0.83 0.78 0.74 0.69 0.65 0.60 0.56 0.52 0.48 0.45 0.41 0.38 0.36 0.33 0.31 0.29 0.28 0.26 0.25 0.23 0.22 0.21
0.76 0.77 0.77 0.78 0.79 0.79 0.80 0.81 0.81 0.82 0.83 0.84 0.85 0.85 0.86 0.87 0.88 0.89 0.90 0.91 0.92 0.93 0.94 0.95 0.96 0.97 0.97 0.98 0.99 1.00 1.00 1.01 1.01 1.02 1.03 1.03 1.04 1.05 1.05 1.06 1.07 1.07 1.08 1.08 1.09 1.10 1.10 1.10 1.10 1.10 1.10 1.10 1.09 1.08 1.06 1.05 1.02 1.00 0.96 0.93 0.89 0.85 0.81 0.76 0.71 0.66 0.62 0.57 0.53 0.49 0.45 0.41 0.38 0.35 0.33 0.30 0.28 0.26 0.24 0.23 0.21 0.20 0.19 0.18
0.78 0.78 0.79 0.79 0.80 0.81 0.81 0.82 0.83 0.84 0.84 0.85 0.86 0.87 0.88 0.89 0.90 0.91 0.91 0.92 0.93 0.94 0.95 0.96 0.97 0.98 0.98 0.99 1.00 1.00 1.01 1.01 1.02 1.02 1.03 1.04 1.04 1.05 1.05 1.06 1.07 1.07 1.08 1.08 1.09 1.09 1.10 1.10 1.10 1.10 1.10 1.09 1.08 1.07 1.05 1.03 1.01 0.98 0.95 0.91 0.87 0.83 0.78 0.74 0.69 0.64 0.59 0.55 0.50 0.46 0.42 0.39 0.35 0.32 0.30 0.27 0.25 0.23 0.21 0.20 0.18 0.17 0.16 0.15
0.79 0.80 0.80 0.81 0.82 0.82 0.83 0.84 0.84 0.85 0.86 0.87 0.88 0.88 0.89 0.90 0.91 0.92 0.93 0.94 0.95 0.96 0.96 0.97 0.98 0.99 0.99 1.00 1.00 1.01 1.01 1.02 1.02 1.03 1.03 1.04 1.04 1.05 1.06 1.06 1.07 1.07 1.08 1.08 1.09 1.09 1.09 1.09 1.10 1.09 1.09 1.08 1.07 1.06 1.04 1.02 1.00 0.97 0.93 0.89 0.85 0.81 0.76 0.71 0.66 0.62 0.57 0.52 0.48 0.44 0.40 0.36 0.33 0.30 0.27 0.25 0.22 0.21 0.19 0.17 0.16 0.15 0.13 0.12
0.81 0.81 0.82 0.83 0.83 0.84 0.85 0.85 0.86 0.87 0.88 0.88 0.89 0.90 0.91 0.92 0.93 0.94 0.94 0.95 0.96 0.97 0.98 0.99 0.99 1.00 1.00 1.01 1.01 1.02 1.02 1.03 1.03 1.04 1.04 1.04 1.05 1.05 1.06 1.06 1.07 1.07 1.08 1.08 1.09 1.09 1.09 1.09 1.09 1.09 1.08 1.08 1.06 1.05 1.03 1.01 0.98 0.95 0.92 0.88 0.84 0.79 0.74 0.69 0.64 0.59 0.55 0.50 0.45 0.41 0.37 0.34 0.31 0.28 0.25 0.22 0.20 0.18 0.17 0.15 0.14 0.12 0.11 0.10
0.82 0.83 0.84 0.84 0.85 0.86 0.86 0.87 0.88 0.89 0.89 0.90 0.91 0.92 0.93 0.94 0.94 0.95 0.96 0.97 0.98 0.99 0.99 1.00 1.01 1.01 1.02 1.02 1.03 1.03 1.03 1.04 1.04 1.04 1.05 1.05 1.05 1.06 1.06 1.07 1.07 1.07 1.08 1.08 1.08 1.09 1.09 1.09 1.09 1.08 1.08 1.07 1.06 1.04 1.02 1.00 0.97 0.94 0.90 0.86 0.82 0.77 0.72 0.67 0.62 0.57 0.53 0.48 0.43 0.39 0.35 0.32 0.29 0.26 0.23 0.21 0.18 0.17 0.15 0.13 0.12 0.11 0.09 0.08
0.84 0.85 0.85 0.86 0.87 0.87 0.88 0.89 0.90 0.91 0.91 0.92 0.93 0.94 0.95 0.96 0.96 0.97 0.98 0.99 1.00 1.00 1.01 1.02 1.02 1.03 1.03 1.03 1.04 1.04 1.04 1.05 1.05 1.05 1.05 1.06 1.06 1.06 1.07 1.07 1.07 1.08 1.08 1.08 1.08 1.09 1.09 1.09 1.08 1.08 1.07 1.06 1.05 1.03 1.01 0.99 0.96 0.92 0.89 0.85 0.80 0.75 0.71 0.66 0.61 0.56 0.51 0.46 0.42 0.38 0.34 0.30 0.27 0.24 0.22 0.19 0.17 0.15 0.13 0.12 0.10 0.09 0.08 0.07
0.86 0.86 0.87 0.88 0.89 0.89 0.90 0.91 0.92 0.93 0.93 0.94 0.95 0.96 0.97 0.98 0.98 0.99 1.00 1.01 1.02 1.02 1.03 1.03 1.04 1.04 1.05 1.05 1.05 1.06 1.06 1.06 1.06 1.06 1.06 1.07 1.07 1.07 1.07 1.07 1.08 1.08 1.08 1.08 1.08 1.09 1.08 1.08 1.08 1.07 1.07 1.05 1.04 1.02 1.00 0.97 0.94 0.91 0.87 0.83 0.79 0.74 0.69 0.64 0.59 0.54 0.49 0.45 0.40 0.36 0.32 0.29 0.26 0.23 0.20 0.18 0.16 0.14 0.12 0.11 0.09 0.08 0.07 0.06
0.88 0.88 0.89 0.90 0.91 0.92 0.92 0.93 0.94 0.95 0.96 0.97 0.97 0.98 0.99 1.00 1.01 1.02 1.02 1.03 1.04 1.04 1.05 1.05 1.06 1.06 1.06 1.07 1.07 1.07 1.07 1.07 1.07 1.07 1.08 1.08 1.08 1.08 1.08 1.08 1.08 1.08 1.09 1.09 1.09 1.09 1.08 1.08 1.08 1.07 1.06 1.05 1.03 1.01 0.99 0.96 0.93 0.90 0.86 0.82 0.77 0.72 0.67 0.62 0.57 0.53 0.48 0.43 0.39 0.35 0.31 0.28 0.25 0.22 0.20 0.17 0.15 0.13 0.12 0.10 0.09 0.07 0.06 0.05
0.90 0.90 0.91 0.92 0.93 0.94 0.95 0.95 0.96 0.97 0.98 0.99 1.00 1.01 1.01 1.02 1.03 1.04 1.05 1.05 1.06 1.07 1.07 1.08 1.08 1.08 1.08 1.09 1.09 1.09 1.09 1.09 1.09 1.09 1.09 1.09 1.09 1.09 1.09 1.09 1.09 1.09 1.09 1.09 1.09 1.09 1.08 1.08 1.07 1.07 1.06 1.04 1.03 1.01 0.98 0.95 0.92 0.88 0.84 0.80 0.76 0.71 0.66 0.61 0.56 0.51 0.47 0.42 0.38 0.34 0.31 0.27 0.24 0.22 0.19 0.17 0.15 0.13 0.11 0.10 0.08 0.07 0.06 0.05
0.92 0.92 0.93 0.94 0.95 0.96 0.97 0.98 0.99 1.00 1.00 1.01 1.02 1.03 1.04 1.05 1.06 1.06 1.07 1.08 1.08 1.09 1.09 1.10 1.10 1.10 1.11 1.11 1.11 1.11 1.11 1.11 1.11 1.11 1.10 1.10 1.10 1.10 1.10 1.10 1.10 1.10 1.10 1.09 1.09 1.09 1.09 1.08 1.07 1.06 1.05 1.04 1.02 1.00 0.97 0.94 0.91 0.87 0.83 0.79 0.74 0.69 0.65 0.60 0.55 0.50 0.46 0.42 0.38 0.34 0.30 0.27 0.24 0.22 0.19 0.17 0.15 0.13 0.11 0.10 0.09 0.07 0.06 0.05
0.94 0.95 0.96 0.96 0.97 0.98 0.99 1.00 1.01 1.02 1.03 1.04 1.05 1.06 1.07 1.07 1.08 1.09 1.10 1.10 1.11 1.12 1.12 1.12 1.13 1.13 1.13 1.13 1.13 1.13 1.13 1.13 1.12 1.12 1.12 1.12 1.12 1.12 1.11 1.11 1.11 1.11 1.10 1.10 1.10 1.09 1.09 1.08 1.07 1.06 1.05 1.03 1.01 0.99 0.96 0.93 0.90 0.86 0.82 0.77 0.73 0.68 0.64 0.59 0.54 0.50 0.45 0.41 0.38 0.34 0.31 0.28 0.25 0.22 0.20 0.18 0.16 0.14 0.12 0.11 0.09 0.08 0.07 0.06
0.96 0.97 0.98 0.99 1.00 1.01 1.02 1.03 1.04 1.05 1.06 1.07 1.08 1.08 1.09 1.10 1.11 1.12 1.13 1.13 1.14 1.14 1.15 1.15 1.15 1.15 1.15 1.15 1.15 1.15 1.15 1.15 1.15 1.14 1.14 1.14 1.13 1.13 1.13 1.12 1.12 1.12 1.11 1.11 1.10 1.10 1.09 1.08 1.07 1.06 1.04 1.03 1.00 0.98 0.95 0.92 0.88 0.85 0.81 0.76 0.72 0.67 0.63 0.58 0.54 0.49 0.45 0.41 0.38 0.34 0.31 0.28 0.25 0.23 0.21 0.19 0.17 0.15 0.13 0.12 0.10 0.09 0.08 0.07
0.98 0.99 1.00 1.01 1.02 1.03 1.04 1.05 1.06 1.07 1.08 1.09 1.10 1.11 1.12 1.13 1.14 1.15 1.15 1.16 1.16 1.17 1.17 1.18 1.18 1.18 1.18 1.18 1.18 1.18 1.17 1.17 1.17 1.16 1.16 1.16 1.15 1.15 1.14 1.14 1.13 1.13 1.12 1.12 1.11 1.10 1.09 1.08 1.07 1.06 1.04 1.02 1.00 0.97 0.94 0.91 0.87 0.83 0.79 0.75 0.71 0.66 0.62 0.58 0.53 0.49 0.46 0.42 0.38 0.35 0.32 0.29 0.27 0.24 0.22 0.20 0.18 0.16 0.15 0.13 0.12 0.10 0.09 0.08
1.00 1.01 1.02 1.04 1.05 1.06 1.07 1.08 1.09 1.10 1.11 1.12 1.13 1.14 1.15 1.16 1.17 1.17 1.18 1.19 1.19 1.20 1.20 1.20 1.20 1.21 1.21 1.20 1.20 1.20 1.20 1.19 1.19 1.19 1.18 1.18 1.17 1.17 1.16 1.15 1.15 1.14 1.13 1.13 1.12 1.11 1.10 1.09 1.07 1.06 1.04 1.01 0.99 0.96 0.93 0.90 0.86 0.82 0.78 0.74 0.70 0.66 0.62 0.58 0.54 0.50 0.46 0.43 0.39 0.36 0.34 0.31 0.28 0.26 0.24 0.22 0.20 0.18 0.17 0.15 0.14 0.12 0.11 0.10
1.02 1.04 1.05 1.06 1.07 1.08 1.09 1.11 1.12 1.13 1.14 1.15 1.16 1.17 1.18 1.19 1.19 1.20 1.21 1.22 1.22 1.22 1.23 1.23 1.23 1.23 1.23 1.23 1.23 1.22 1.22 1.22 1.21 1.21 1.20 1.20 1.19 1.19 1.18 1.17 1.16 1.16 1.15 1.14 1.13 1.12 1.10 1.09 1.07 1.05 1.03 1.01 0.98 0.95 0.92 0.89 0.85 0.81 0.77 0.73 0.69 0.65 0.61 0.58 0.54 0.50 0.47 0.44 0.41 0.38 0.35 0.33 0.31 0.28 0.26 0.24 0.23 0.21 0.19 0.18 0.16 0.15 0.14 0.13
1.05 1.06 1.07 1.08 1.10 1.11 1.12 1.13 1.14 1.15 1.17 1.18 1.19 1.20 1.21 1.21 1.22 1.23 1.24 1.24 1.25 1.25 1.25 1.26 1.26 1.26 1.26 1.25 1.25 1.25 1.24 1.24 1.24 1.23 1.22 1.22 1.21 1.20 1.20 1.19 1.18 1.17 1.16 1.15 1.14 1.12 1.11 1.09 1.07 1.05 1.03 1.00 0.97 0.94 0.91 0.88 0.84 0.80 0.76 0.73 0.69 0.65 0.61 0.58 0.55 0.51 0.48 0.45 0.43 0.40 0.38 0.35 0.33 0.31 0.29 0.27 0.26 0.24 0.22 0.21 0.19 0.18 0.17 0.16
1.07 1.08 1.10 1.11 1.12 1.13 1.15 1.16 1.17 1.18 1.19 1.20 1.21 1.22 1.23 1.24 1.25 1.26 1.26 1.27 1.27 1.28 1.28 1.28 1.28 1.28 1.28 1.28 1.27 1.27 1.27 1.26 1.26 1.25 1.24 1.24 1.23 1.22 1.21 1.20 1.19 1.18 1.17 1.16 1.15 1.13 1.11 1.09 1.07 1.05 1.02 1.00 0.97 0.93 0.90 0.87 0.83 0.79 0.76 0.72 0.69 0.65 0.62 0.59 0.55 0.53 0.50 0.47 0.45 0.42 0.40 0.38 0.36 0.34 0.32 0.30 0.29 0.27 0.26 0.24 0.23 0.22 0.20 0.19
1.09 1.10 1.12 1.13 1.14 1.16 1.17 1.18 1.19 1.21 1.22 1.23 1.24 1.25 1.26 1.27 1.27 1.28 1.29 1.29 1.30 1.30 1.30 1.30 1.30 1.30 1.30 1.30 1.29 1.29 1.29 1.28 1.28 1.27 1.26 1.26 1.25 1.24 1.23 1.22 1.21 1.20 1.18 1.17 1.15 1.14 1.12 1.09 1.07 1.05 1.02 0.99 0.96 0.92 0.89 0.86 0.82 0.79 0.75 0.72 0.68 0.65 0.62 0.59 0.57 0.54 0.51 0.49 0.47 0.45 0.43 0.41 0.39 0.37 0.36 0.34 0.32 0.31 0.29 0.28 0.27 0.25 0.24 0.23
1.11 1.13 1.14 1.15 1.17 1.18 1.19 1.21 1.22 1.23 1.24 1.25 1.26 1.27 1.28 1.29 1.30 1.30 1.31 1.31 1.32 1.32 1.32 1.32 1.32 1.32 1.32 1.32 1.31 1.31 1.30 1.30 1.29 1.29 1.28 1.27 1.26 1.25 1.24 1.23 1.22 1.21 1.19 1.18 1.16 1.14 1.12 1.09 1.07 1.04 1.01 0.98 0.95 0.91 0.88 0.85 0.81 0.78 0.75 0.71 0.68 0.66 0.63 0.60 0.58 0.55 0.53 0.51 0.49 0.47 0.46 0.44 0.42 0.41 0.39 0.38 0.36 0.35 0.33 0.32 0.31 0.29 0.28 0.28
1.13 1.15 1.16 1.18 1.19 1.20 1.22 1.23 1.24 1.25 1.27 1.28 1.29 1.30 1.30 1.31 1.32 1.32 1.33 1.33 1.34 1.34 1.34 1.34 1.34 1.34 1.33 1.33 1.33 1.32 1.32 1.31 1.30 1.30 1.29 1.28 1.27 1.26 1.25 1.24 1.23 1.21 1.20 1.18 1.16 1.14 1.12 1.09 1.06 1.04 1.00 0.97 0.94 0.90 0.87 0.84 0.80 0.77 0.74 0.71 0.68 0.66 0.64 0.61 0.59 0.57 0.55 0.53 0.52 0.50 0.48 0.47 0.45 0.44 0.43 0.41 0.40 0.39 0.37 0.36 0.35 0.34 0.33 0.33
1.15 1.17 1.18 1.20 1.21 1.23 1.24 1.25 1.26 1.28 1.29 1.30 1.31 1.32 1.32 1.33 1.34 1.34 1.35 1.35 1.35 1.35 1.35 1.35 1.35 1.35 1.34 1.34 1.34 1.33 1.33 1.32 1.31 1.31 1.30 1.29 1.28 1.27 1.26 1.25 1.23 1.22 1.20 1.18 1.16 1.14 1.11 1.09 1.06 1.03 0.99 0.96 0.93 0.89 0.86 0.83 0.79 0.76 0.74 0.71 0.69 0.66 0.64 0.62 0.60 0.59 0.57 0.56 0.54 0.53 0.51 0.50 0.49 0.47 0.46 0.45 0.44 0.42 0.41 0.40 0.39 0.38 0.37 0.38
1.17 1.18 1.20 1.22 1.23 1.24 1.26 1.27 1.28 1.30 1.31 1.32 1.33 1.34 1.34 1.35 1.35 1.36 1.36 1.36 1.36 1.36 1.36 1.36 1.36 1.36 1.35 1.35 1.34 1.34 1.33 1.33 1.32 1.31 1.30 1.29 1.28 1.27 1.26 1.25 1.23 1.22 1.20 1.18 1.16 1.13 1.11 1.08 1.05 1.02 0.98 0.95 0.91 0.88 0.85 0.82 0.79 0.76 0.73 0.71 0.69 0.67 0.65 0.63 0.62 0.60 0.59 0.58 0.56 0.55 0.54 0.53 0.52 0.50 0.49 0.48 0.47 0.46 0.45 0.44 0.43 0.42 0.41 0.42
1.18 1.20 1.22 1.23 1.25 1.26 1.28 1.29 1.30 1.31 1.32 1.33 1.34 1.35 1.36 1.36 1.37 1.37 1.37 1.37 1.37 1.37 1.37 1.37 1.36 1.36 1.36 1.35 1.35 1.34 1.33 1.33 1.32 1.31 1.30 1.29 1.28 1.27 1.26 1.24 1.23 1.21 1.19 1.17 1.15 1.13 1.10 1.07 1.04 1.00 0.97 0.94 0.90 0.87 0.84 0.81 0.78 0.76 0.73 0.71 0.69 0.68 0.66 0.64 0.63 0.62 0.61 0.59 0.58 0.57 0.56 0.55 0.54 0.53 0.52 0.52 0.51 0.50 0.49 0.48 0.47 0.46 0.45 0.46
1.19 1.21 1.23 1.25 1.26 1.28 1.29 1.31 1.32 1.33 1.34 1.35 1.36 1.36 1.37 1.37 1.38 1.38 1.38 1.38 1.38 1.38 1.37 1.37 1.37 1.36 1.36 1.35 1.34 1.34 1.33 1.32 1.32 1.31 1.30 1.29 1.28 1.26 1.25 1.24 1.22 1.20 1.18 1.16 1.14 1.11 1.08 1.05 1.02 0.99 0.96 0.92 0.89 0.86 0.83 0.80 0.77 0.75 0.73 0.71 0.70 0.68 0.67 0.65 0.64 0.63 0.62 0.61 0.60 0.59 0.59 0.58 0.57 0.56 0.55 0.55 0.54 0.53 0.52 0.51 0.51 0.50 0.49 0.49
1.20 1.22 1.24 1.26 1.27 1.29 1.30 1.32 1.33 1.34 1.35 1.36 1.37 1.37 1.38 1.38 1.38 1.39 1.39 1.38 1.38 1.38 1.37 1.37 1.36 1.36 1.35 1.35 1.34 1.33 1.32 1.32 1.31 1.30 1.29 1.28 1.27 1.25 1.24 1.22 1.21 1.19 1.17 1.15 1.12 1.10 1.07 1.04 1.01 0.97 0.94 0.91 0.87 0.84 0.82 0.79 0.77 0.75 0.73 0.71 0.70 0.69 0.67 0.66 0.65 0.65 0.64 0.63 0.62 0.61 0.61 0.60 0.59 0.59 0.58 0.57 0.57 0.56 0.55 0.55 0.54 0.53 0.53 0.52
1.21 1.23 1.25 1.27 1.28 1.30 1.31 1.33 1.34 1.35 1.36 1.37 1.38 1.38 1.39 1.39 1.39 1.39 1.39 1.38 1.38 1.38 1.37 1.37 1.36 1.35 1.35 1.34 1.33 1.32 1.31 1.30 1.29 1.28 1.27 1.26 1.25 1.24 1.22 1.21 1.19 1.17 1.15 1.13 1.10 1.08 1.05 1.02 0.99 0.95 0.92 0.89 0.86 0.83 0.81 0.78 0.76 0.74 0.73 0.71 0.70 0.69 0.68 0.67 0.66 0.66 0.65 0.64 0.64 0.63 0.63 0.62 0.61 0.61 0.60 0.60 0.59 0.59 0.58 0.58 0.57 0.56 0.56 0.56
1.21 1.24 1.25 1.27 1.29 1.31 1.32 1.34 1.35 1.36 1.37 1.38 1.38 1.39 1.39 1.39 1.39 1.39 1.39 1.38 1.38 1.37 1.36 1.36 1.35 1.34 1.33 1.33 1.32 1.31 1.30 1.29 1.28 1.27 1.26 1.24 1.23 1.22 1.20 1.18 1.17 1.15 1.13 1.10 1.08 1.05 1.02 1.00 0.96 0.93 0.90 0.87 0.85 0.82 0.80 0.77 0.76 0.74 0.73 0.72 0.70 0.70 0.69 0.68 0.67 0.67 0.66 0.66 0.65 0.65 0.64 0.64 0.63 0.63 0.62 0.62 0.62 0.61 0.61 0.60 0.60 0.59 0.59 0.59
1.21 1.24 1.26 1.27 1.29 1.31 1.33 1.34 1.35 1.36 1.37 1.38 1.38 1.39 1.39 1.39 1.39 1.38 1.38 1.37 1.37 1.36 1.35 1.35 1.34 1.33 1.32 1.31 1.30 1.29 1.28 1.27 1.26 1.25 1.23 1.22 1.21 1.19 1.18 1.16 1.14 1.12 1.10 1.08 1.05 1.03 1.00 0.97 0.94 0.91 0.88 0.86 0.83 0.81 0.79 0.77 0.75 0.74 0.73 0.72 0.71 0.70 0.69 0.69 0.68 0.68 0.67 0.67 0.67 0.66 0.66 0.66 0.65 0.65 0.64 0.64 0.64 0.63 0.63 0.63 0.62 0.62 0.62 0.61
1.21 1.23 1.25 1.27 1.29 1.31 1.33 1.34 1.35 1.36 1.37 1.38 1.38 1.38 1.39 1.38 1.38 1.38 1.37 1.37 1.36 1.35 1.34 1.33 1.32 1.31 1.30 1.29 1.28 1.27 1.26 1.25 1.23 1.22 1.21 1.19 1.18 1.16 1.15 1.13 1.11 1.09 1.07 1.05 1.02 1.00 0.97 0.94 0.92 0.89 0.86 0.84 0.81 0.79 0.78 0.76 0.75 0.74 0.73 0.72 0.71 0.70 0.70 0.70 0.69 0.69 0.68 0.68 0.68 0.68 0.67 0.67 0.67 0.67 0.66 0.66 0.66 0.66 0.65 0.65 0.65 0.64 0.64 0.64
1.20 1.22 1.25 1.27 1.29 1.30 1.32 1.34 1.35 1.36 1.37 1.37 1.38 1.38 1.38 1.38 1.37 1.37 1.36 1.35 1.34 1.33 1.32 1.31 1.30 1.29 1.28 1.27 1.26 1.24 1.23 1.22 1.20 1.19 1.18 1.16 1.15 1.13 1.11 1.10 1.08 1.06 1.04 1.01 0.99 0.97 0.94 0.92 0.89 0.87 0.84 0.82 0.80 0.78 0.77 0.75 0.74 0.73 0.72 0.72 0.71 0.71 0.71 0.70 0.70 0.70 0.70 0.69 0.69 0.69 0.69 0.69 0.68 0.68 0.68 0.68 0.68 0.68 0.67 0.67 0.67 0.67 0.67 0.66
