Australia Fires/rainfall2.grid
ncols 886
nrows 691
xllcenter 112.0000
yllcenter -44.5000
cellsize 0.0500
nodata_value 99999.90
[rows 410 to 450 of 691, columns 368 to 459 of 886]
0.5 0.6 0.6 0.6 0.6 0.7 0.7 0.7 0.8 0.8 0.9 0.9 1.0 1.0 1.1 1.2 1.2 1.3 1.4 1.5 1.5 1.6 1.7 1.8 1.9 2.0 2.1 2.1 2.2 2.3 2.4 2.5 2.6 2.7 2.8 3.0 2.9 2.9 2.9 2.9 2.9 2.9 3.0 3.0 2.9 3.0 3.0 2.9 2.9 2.8 2.7 2.5 2.4 2.2 2.0 1.8 1.7 1.5 1.4 1.3 1.2 1.2 1.1 1.1 1.0 0.9 0.9 0.9 0.9 0.9 0.9 0.8 0.8 0.8 0.7 0.7 0.7 0.7 0.6 0.6 0.6 0.5 0.5 0.5 0.5 0.5 0.4 0.5 0.5 0.5 0.5 0.6
0.5 0.5 0.6 0.6 0.6 0.7 0.7 0.7 0.8 0.8 0.8 0.9 0.9 1.0 1.1 1.1 1.2 1.3 1.4 1.4 1.5 1.6 1.7 1.8 1.9 2.0 2.0 2.1 2.2 2.3 2.4 2.5 2.6 2.6 2.8 2.8 2.9 2.9 2.9 2.9 2.9 2.9 3.0 3.0 2.9 2.9 2.9 2.9 2.9 2.7 2.6 2.5 2.3 2.1 1.9 1.8 1.5 1.4 1.3 1.2 1.1 1.1 1.0 0.9 0.9 0.8 0.8 0.8 0.8 0.8 0.8 0.7 0.7 0.6 0.6 0.6 0.6 0.6 0.5 0.5 0.5 0.5 0.4 0.4 0.4 0.4 0.4 0.4 0.4 0.4 0.5 0.5
0.5 0.5 0.6 0.6 0.6 0.6 0.7 0.7 0.7 0.8 0.8 0.9 0.9 1.0 1.0 1.1 1.2 1.3 1.3 1.4 1.5 1.6 1.7 1.8 1.8 1.9 2.0 2.1 2.2 2.3 2.4 2.4 2.5 2.6 2.7 2.8 2.8 2.8 2.8 2.8 2.9 2.9 2.9 2.9 2.8 2.8 2.8 2.8 2.7 2.6 2.6 2.5 2.3 2.1 1.9 1.7 1.5 1.3 1.2 1.1 1.1 1.0 0.9 0.8 0.8 0.7 0.7 0.7 0.7 0.7 0.7 0.6 0.6 0.6 0.6 0.5 0.5 0.5 0.4 0.4 0.4 0.4 0.4 0.3 0.3 0.3 0.3 0.3 0.3 0.3 0.4 0.4
0.5 0.5 0.5 0.6 0.6 0.6 0.7 0.7 0.7 0.8 0.8 0.8 0.9 0.9 1.0 1.1 1.1 1.2 1.3 1.4 1.5 1.5 1.6 1.7 1.8 1.9 2.0 2.1 2.2 2.3 2.3 2.4 2.4 2.5 2.6 2.7 2.8 2.8 2.8 2.8 2.8 2.8 2.8 2.8 2.8 2.8 2.8 2.7 2.6 2.6 2.5 2.4 2.2 2.0 1.9 1.7 1.5 1.3 1.1 1.0 1.0 0.9 0.8 0.8 0.7 0.6 0.6 0.6 0.6 0.6 0.6 0.6 0.5 0.5 0.5 0.5 0.4 0.4 0.4 0.4 0.3 0.3 0.3 0.3 0.3 0.3 0.3 0.3 0.3 0.3 0.3 0.3
0.5 0.5 0.5 0.5 0.6 0.6 0.6 0.7 0.7 0.7 0.8 0.8 0.8 0.9 1.0 1.0 1.1 1.2 1.2 1.3 1.4 1.5 1.6 1.7 1.8 1.8 1.9 2.0 2.1 2.2 2.2 2.3 2.4 2.4 2.5 2.6 2.7 2.8 2.8 2.8 2.8 2.8 2.7 2.7 2.7 2.7 2.7 2.7 2.7 2.6 2.5 2.4 2.2 2.0 1.8 1.7 1.6 1.4 1.2 1.0 0.9 0.8 0.8 0.7 0.6 0.6 0.6 0.6 0.6 0.6 0.5 0.5 0.5 0.4 0.4 0.4 0.4 0.4 0.3 0.3 0.3 0.3 0.3 0.2 0.2 0.2 0.2 0.2 0.2 0.2 0.2 0.2
0.5 0.5 0.5 0.5 0.5 0.6 0.6 0.6 0.6 0.7 0.7 0.8 0.8 0.8 0.9 1.0 1.0 1.1 1.2 1.3 1.3 1.4 1.5 1.6 1.7 1.8 1.9 1.9 2.0 2.1 2.2 2.2 2.3 2.4 2.4 2.5 2.6 2.6 2.7 2.7 2.7 2.7 2.7 2.6 2.7 2.7 2.6 2.6 2.6 2.5 2.4 2.3 2.2 2.1 1.9 1.7 1.6 1.4 1.3 1.1 0.9 0.8 0.7 0.7 0.7 0.6 0.6 0.6 0.6 0.6 0.5 0.5 0.5 0.4 0.4 0.4 0.4 0.3 0.3 0.3 0.3 0.2 0.2 0.2 0.2 0.2 0.1 0.1 0.1 0.1 0.1 0.1
0.4 0.4 0.5 0.5 0.5 0.5 0.6 0.6 0.6 0.6 0.7 0.7 0.7 0.8 0.8 0.9 1.0 1.0 1.1 1.2 1.3 1.3 1.4 1.5 1.6 1.7 1.8 1.9 2.0 2.0 2.1 2.2 2.2 2.3 2.3 2.4 2.5 2.6 2.6 2.6 2.6 2.6 2.6 2.6 2.6 2.6 2.6 2.5 2.4 2.4 2.4 2.3 2.2 2.0 1.9 1.8 1.7 1.5 1.4 1.2 1.0 0.9 0.8 0.7 0.7 0.7 0.6 0.6 0.6 0.6 0.5 0.5 0.5 0.4 0.4 0.4 0.4 0.3 0.3 0.3 0.3 0.2 0.2 0.2 0.2 0.1 0.1 0.1 0.1 0.1 0.1 0.1
0.4 0.4 0.4 0.4 0.5 0.5 0.5 0.5 0.6 0.6 0.6 0.6 0.7 0.7 0.8 0.8 0.9 1.0 1.0 1.1 1.2 1.3 1.3 1.4 1.5 1.6 1.7 1.8 1.9 1.9 2.0 2.1 2.1 2.2 2.2 2.3 2.3 2.4 2.5 2.4 2.4 2.5 2.5 2.5 2.5 2.5 2.4 2.4 2.4 2.4 2.3 2.2 2.2 2.1 2.0 2.0 1.8 1.6 1.5 1.4 1.2 1.0 0.9 0.9 0.8 0.8 0.7 0.7 0.7 0.6 0.6 0.6 0.5 0.5 0.5 0.4 0.4 0.4 0.3 0.3 0.3 0.3 0.2 0.2 0.2 0.1 0.1 0.1 0.0 0.0 0.0 0.0
0.4 0.4 0.4 0.4 0.4 0.4 0.5 0.5 0.5 0.5 0.6 0.6 0.6 0.7 0.7 0.8 0.8 0.9 0.9 1.0 1.1 1.2 1.2 1.3 1.4 1.5 1.6 1.7 1.8 1.8 1.9 2.0 2.0 2.1 2.1 2.1 2.2 2.3 2.4 2.3 2.3 2.3 2.3 2.3 2.3 2.3 2.3 2.3 2.3 2.3 2.2 2.3 2.2 2.2 2.1 2.0 1.9 1.8 1.7 1.6 1.4 1.3 1.2 1.1 1.0 0.9 0.9 0.8 0.8 0.7 0.7 0.7 0.6 0.6 0.5 0.5 0.5 0.4 0.4 0.4 0.3 0.3 0.3 0.2 0.2 0.1 0.1 0.1 0.0 0.0 0.0 0.0
0.3 0.3 0.3 0.4 0.4 0.4 0.4 0.4 0.4 0.5 0.5 0.5 0.6 0.6 0.6 0.7 0.7 0.8 0.9 0.9 1.0 1.1 1.1 1.2 1.3 1.4 1.5 1.6 1.7 1.7 1.8 1.8 1.9 1.9 2.0 2.0 2.1 2.1 2.2 2.1 2.1 2.1 2.2 2.1 2.1 2.2 2.2 2.2 2.1 2.2 2.2 2.1 2.2 2.1 2.1 2.1 2.1 2.0 1.8 1.7 1.6 1.5 1.4 1.3 1.3 1.2 1.1 1.0 1.0 1.0 0.9 0.9 0.8 0.7 0.7 0.7 0.6 0.5 0.5 0.5 0.4 0.4 0.4 0.3 0.2 0.2 0.1 0.1 0.1 0.0 0.0 0.0
0.3 0.3 0.3 0.3 0.3 0.3 0.3 0.4 0.4 0.4 0.4 0.5 0.5 0.5 0.6 0.6 0.7 0.7 0.8 0.9 0.9 1.0 1.1 1.1 1.2 1.3 1.4 1.5 1.5 1.6 1.6 1.7 1.7 1.8 1.8 1.8 1.8 1.9 1.9 2.0 1.9 1.9 1.9 2.0 1.9 2.0 2.0 2.0 2.0 2.1 2.1 2.1 2.1 2.1 2.1 2.2 2.1 2.1 2.0 1.9 1.9 1.8 1.7 1.6 1.6 1.5 1.4 1.3 1.2 1.2 1.1 1.1 1.0 1.0 0.9 0.8 0.8 0.7 0.7 0.6 0.5 0.5 0.5 0.4 0.3 0.3 0.2 0.2 0.1 0.1 0.0 0.0
0.2 0.2 0.2 0.2 0.3 0.3 0.3 0.3 0.3 0.4 0.4 0.4 0.4 0.5 0.5 0.6 0.6 0.7 0.7 0.8 0.9 0.9 1.0 1.0 1.1 1.2 1.3 1.3 1.4 1.4 1.5 1.5 1.6 1.6 1.6 1.6 1.6 1.6 1.7 1.7 1.7 1.7 1.8 1.7 1.7 1.8 1.8 1.8 1.9 1.9 2.0 2.0 2.1 2.1 2.1 2.1 2.2 2.2 2.2 2.2 2.1 2.1 2.0 2.0 1.9 1.8 1.7 1.7 1.6 1.5 1.5 1.3 1.2 1.2 1.1 1.1 1.1 1.0 0.9 0.8 0.7 0.6 0.6 0.5 0.5 0.4 0.3 0.3 0.2 0.2 0.1 0.1
0.2 0.2 0.2 0.2 0.2 0.2 0.2 0.3 0.3 0.3 0.3 0.4 0.4 0.4 0.5 0.5 0.6 0.6 0.7 0.7 0.8 0.8 0.9 1.0 1.0 1.1 1.1 1.2 1.2 1.3 1.3 1.4 1.4 1.4 1.4 1.4 1.4 1.4 1.4 1.4 1.4 1.4 1.4 1.5 1.5 1.6 1.6 1.6 1.7 1.8 1.9 1.9 2.0 2.1 2.1 2.2 2.2 2.2 2.3 2.3 2.3 2.3 2.3 2.3 2.3 2.2 2.1 2.1 2.0 1.8 1.7 1.7 1.6 1.6 1.5 1.5 1.4 1.2 1.1 1.0 0.9 0.9 0.8 0.7 0.7 0.6 0.5 0.5 0.4 0.3 0.3 0.2
0.1 0.1 0.1 0.1 0.2 0.2 0.2 0.2 0.2 0.3 0.3 0.3 0.4 0.4 0.4 0.5 0.5 0.6 0.6 0.7 0.8 0.8 0.9 0.9 0.9 1.0 1.0 1.1 1.1 1.1 1.2 1.2 1.2 1.2 1.2 1.2 1.2 1.1 1.1 1.1 1.1 1.1 1.1 1.2 1.3 1.3 1.4 1.5 1.6 1.6 1.8 1.9 2.0 2.1 2.3 2.3 2.4 2.4 2.5 2.5 2.6 2.6 2.6 2.6 2.6 2.6 2.5 2.4 2.3 2.3 2.1 2.0 2.0 1.9 1.8 1.8 1.6 1.5 1.4 1.3 1.2 1.1 1.1 1.0 0.9 0.8 0.8 0.7 0.6 0.5 0.5 0.4
0.1 0.1 0.1 0.1 0.1 0.1 0.1 0.2 0.2 0.2 0.3 0.3 0.3 0.4 0.4 0.5 0.5 0.6 0.6 0.7 0.7 0.8 0.8 0.9 0.9 0.9 1.0 1.0 1.0 1.0 1.0 1.0 1.0 1.0 1.0 1.0 1.0 1.0 1.0 1.0 1.0 1.0 1.0 1.1 1.1 1.2 1.4 1.5 1.6 1.7 1.8 2.0 2.1 2.2 2.3 2.4 2.5 2.6 2.7 2.7 2.8 2.7 2.9 2.9 2.9 2.8 2.7 2.7 2.7 2.5 2.4 2.4 2.3 2.2 2.2 2.1 1.9 1.8 1.7 1.6 1.5 1.5 1.4 1.3 1.3 1.1 1.1 1.0 0.9 0.8 0.7 0.6
0.0 0.0 0.0 0.0 0.1 0.1 0.1 0.1 0.2 0.2 0.2 0.3 0.3 0.4 0.4 0.5 0.5 0.6 0.6 0.7 0.7 0.8 0.8 0.8 0.9 0.9 0.9 1.0 1.0 1.0 1.0 1.0 1.0 1.0 1.0 1.0 1.0 1.0 1.0 1.0 1.0 1.0 1.0 1.1 1.1 1.2 1.4 1.5 1.6 1.7 1.9 2.0 2.2 2.4 2.5 2.5 2.6 2.7 2.8 2.9 2.9 3.0 2.9 3.0 3.0 3.0 3.0 3.0 2.9 2.8 2.7 2.6 2.6 2.6 2.5 2.4 2.2 2.1 2.0 1.9 1.9 1.8 1.7 1.6 1.6 1.5 1.5 1.4 1.2 1.1 1.0 0.9
0.0 0.0 0.0 0.0 0.0 0.0 0.1 0.1 0.1 0.2 0.2 0.3 0.3 0.3 0.4 0.4 0.5 0.6 0.6 0.7 0.7 0.8 0.8 0.8 0.9 0.9 0.9 0.9 1.0 1.0 1.0 1.0 1.0 1.0 1.0 1.0 1.0 1.0 1.0 1.0 1.0 1.0 1.0 1.1 1.1 1.2 1.4 1.5 1.7 1.8 1.9 2.1 2.3 2.4 2.5 2.7 2.7 2.8 2.9 2.9 3.0 3.0 3.0 3.2 3.2 3.1 3.1 3.1 3.0 2.9 2.9 2.9 2.9 2.9 2.8 2.8 2.6 2.6 2.5 2.3 2.2 2.1 2.1 2.0 1.9 1.9 1.8 1.6 1.5 1.4 1.3 1.2
0.0 0.0 0.0 0.0 0.0 0.0 0.1 0.1 0.1 0.2 0.2 0.3 0.3 0.3 0.4 0.5 0.5 0.6 0.6 0.7 0.7 0.8 0.8 0.9 0.9 0.9 0.9 0.9 1.0 1.0 1.0 1.0 1.0 1.0 1.0 1.0 1.0 1.0 1.0 1.0 1.0 1.0 1.1 1.1 1.2 1.3 1.4 1.5 1.7 1.9 2.0 2.2 2.3 2.5 2.6 2.7 2.8 2.9 3.0 3.0 3.1 3.2 3.2 3.2 3.2 3.3 3.3 3.3 3.2 3.2 3.1 3.1 3.1 3.1 3.1 3.1 3.0 2.9 2.7 2.7 2.5 2.5 2.4 2.3 2.3 2.2 2.1 1.9 1.8 1.7 1.6 1.5
0.0 0.0 0.0 0.0 0.0 0.0 0.0 0.1 0.1 0.2 0.2 0.3 0.3 0.4 0.4 0.5 0.5 0.6 0.6 0.7 0.7 0.8 0.8 0.9 0.9 0.9 0.9 0.9 1.0 1.0 1.0 1.0 1.0 1.0 1.0 1.0 1.0 1.0 1.0 1.0 1.0 1.0 1.1 1.1 1.2 1.3 1.4 1.6 1.8 1.9 2.1 2.2 2.3 2.5 2.6 2.7 2.8 2.9 3.0 3.3 3.2 3.2 3.3 3.3 3.5 3.5 3.4 3.4 3.3 3.3 3.3 3.3 3.4 3.4 3.4 3.3 3.3 3.3 3.1 2.9 2.9 2.9 2.8 2.7 2.7 2.6 2.4 2.2 2.1 2.0 1.9 1.8
0.0 0.0 0.0 0.0 0.0 0.0 0.0 0.1 0.1 0.2 0.2 0.3 0.3 0.4 0.4 0.5 0.5 0.6 0.6 0.7 0.7 0.8 0.8 0.9 0.9 0.9 1.0 1.0 1.0 1.0 1.0 1.0 1.0 1.0 1.0 1.0 1.0 1.0 1.0 1.0 1.0 1.1 1.1 1.2 1.2 1.3 1.4 1.6 1.8 2.0 2.1 2.3 2.4 2.7 2.8 2.8 2.9 3.0 3.1 3.1 3.2 3.2 3.3 3.3 3.4 3.4 3.4 3.5 3.5 3.5 3.5 3.5 3.4 3.5 3.6 3.7 3.6 3.6 3.4 3.2 3.1 3.2 3.1 3.0 3.0 3.0 2.8 2.6 2.4 2.3 2.2 2.1
0.0 0.0 0.0 0.0 0.0 0.0 0.0 0.1 0.1 0.2 0.2 0.3 0.3 0.4 0.4 0.5 0.5 0.6 0.6 0.7 0.8 0.8 0.8 0.9 0.9 0.9 1.0 1.0 1.0 1.0 1.0 1.0 1.0 1.0 1.0 1.0 1.0 1.0 1.0 1.0 1.1 1.1 1.1 1.2 1.3 1.4 1.5 1.6 1.8 2.0 2.1 2.3 2.5 2.6 2.8 2.8 2.9 3.0 3.1 3.2 3.2 3.3 3.4 3.4 3.4 3.5 3.4 3.5 3.5 3.5 3.6 3.6 3.7 3.6 3.6 3.7 3.8 3.9 3.6 3.4 3.4 3.5 3.4 3.4 3.3 3.3 3.1 2.9 2.7 2.7 2.5 2.4
0.0 0.0 0.0 0.0 0.0 0.0 0.0 0.1 0.1 0.2 0.2 0.3 0.3 0.4 0.4 0.5 0.6 0.6 0.7 0.7 0.8 0.8 0.9 0.9 0.9 1.0 1.0 1.0 1.0 1.0 1.0 1.0 1.0 1.0 1.0 1.0 1.0 1.0 1.0 1.1 1.1 1.1 1.2 1.2 1.3 1.4 1.6 1.7 1.9 2.2 2.3 2.4 2.5 2.6 2.8 2.9 3.0 3.0 3.1 3.2 3.2 3.2 3.3 3.5 3.6 3.6 3.7 3.7 3.8 3.6 3.6 3.6 3.6 3.6 3.6 3.6 3.8 3.9 3.9 3.8 3.8 4.1 3.8 3.8 3.8 3.5 3.3 3.1 3.0 2.9 2.8 2.7
0.0 0.0 0.0 0.0 0.0 0.0 0.0 0.1 0.1 0.2 0.2 0.3 0.4 0.4 0.5 0.5 0.6 0.6 0.7 0.7 0.8 0.8 0.9 0.9 0.9 1.0 1.0 1.0 1.0 1.0 1.1 1.0 1.0 1.0 1.0 1.0 1.0 1.0 1.0 1.1 1.1 1.1 1.2 1.3 1.4 1.5 1.6 1.8 2.0 2.1 2.2 2.4 2.5 2.6 2.8 2.9 3.0 3.0 3.2 3.2 3.2 3.3 3.4 3.4 3.5 3.6 3.8 3.9 3.7 3.6 3.7 3.8 3.8 3.7 3.8 3.7 3.8 4.0 4.1 4.2 4.1 4.4 4.3 4.2 4.0 3.7 3.6 3.6 3.3 3.2 3.2 2.9
0.0 0.0 0.0 0.0 0.0 0.0 0.1 0.1 0.2 0.2 0.3 0.3 0.4 0.4 0.5 0.6 0.6 0.7 0.7 0.8 0.8 0.8 0.9 0.9 0.9 1.0 1.0 1.0 1.0 1.0 1.0 1.1 1.1 1.0 1.0 1.0 1.0 1.0 1.1 1.1 1.1 1.2 1.2 1.3 1.4 1.5 1.7 1.8 2.0 2.1 2.2 2.3 2.5 2.7 2.8 3.0 3.1 3.1 3.1 3.3 3.3 3.4 3.4 3.5 3.6 3.6 3.7 3.8 3.8 3.8 3.8 3.8 3.8 3.9 3.8 3.8 3.8 3.9 4.2 4.2 4.3 4.2 4.0 4.1 4.1 4.0 3.9 3.8 3.6 3.6 3.4 3.1
0.0 0.0 0.0 0.0 0.0 0.0 0.1 0.1 0.2 0.2 0.3 0.3 0.4 0.5 0.5 0.6 0.6 0.7 0.7 0.8 0.8 0.9 0.9 0.9 1.0 1.0 1.0 1.0 1.1 1.1 1.1 1.1 1.1 1.1 1.1 1.0 1.0 1.1 1.1 1.1 1.2 1.2 1.3 1.4 1.5 1.6 1.7 1.8 2.0 2.1 2.3 2.4 2.5 2.7 2.8 2.9 3.1 3.1 3.2 3.3 3.3 3.3 3.5 3.6 3.6 3.7 3.8 3.7 3.7 3.7 3.8 3.8 4.0 4.0 4.0 4.0 4.1 4.1 4.2 4.1 4.0 4.1 4.1 4.1 4.1 4.0 4.0 4.1 3.8 3.7 3.7 3.5
0.0 0.0 0.0 0.0 0.0 0.1 0.1 0.2 0.2 0.3 0.3 0.4 0.4 0.5 0.6 0.6 0.7 0.7 0.8 0.8 0.9 0.9 0.9 1.0 1.0 1.0 1.0 1.0 1.0 1.1 1.1 1.1 1.1 1.1 1.1 1.1 1.1 1.1 1.1 1.1 1.2 1.2 1.3 1.4 1.5 1.6 1.7 1.9 2.0 2.2 2.3 2.5 2.6 2.7 2.9 2.9 3.0 3.2 3.3 3.4 3.5 3.4 3.5 3.6 3.7 3.8 3.8 3.8 3.8 3.8 3.8 3.9 4.0 4.0 4.0 4.1 4.3 4.5 4.4 4.2 4.0 4.0 4.0 4.2 4.4 4.0 4.0 4.1 4.0 4.2 4.0 3.9
0.0 0.0 0.0 0.0 0.0 0.1 0.1 0.2 0.2 0.3 0.3 0.4 0.5 0.5 0.6 0.6 0.7 0.8 0.8 0.9 0.9 0.9 1.0 1.0 1.0 1.0 1.1 1.1 1.1 1.1 1.1 1.1 1.1 1.1 1.1 1.2 1.1 1.1 1.1 1.2 1.2 1.3 1.3 1.4 1.5 1.6 1.8 1.9 2.1 2.2 2.3 2.5 2.7 2.8 2.9 3.0 3.0 3.1 3.4 3.5 3.4 3.6 3.6 3.7 3.6 3.8 3.9 3.8 3.8 3.8 3.9 3.9 4.1 4.1 4.0 4.3 4.4 4.5 4.3 4.3 4.2 4.2 4.1 4.1 4.2 4.1 4.1 4.1 4.3 4.2 4.4 4.0
0.1 0.0 0.0 0.0 0.1 0.1 0.2 0.2 0.3 0.3 0.4 0.4 0.5 0.6 0.6 0.7 0.7 0.8 0.8 0.9 0.9 1.0 1.0 1.0 1.1 1.1 1.1 1.1 1.1 1.1 1.1 1.1 1.1 1.2 1.2 1.2 1.3 1.2 1.2 1.2 1.2 1.3 1.4 1.5 1.6 1.7 1.8 2.0 2.1 2.3 2.4 2.5 2.7 2.9 2.9 3.0 3.1 3.2 3.3 3.4 3.6 3.8 3.8 3.8 3.7 4.0 4.0 3.9 4.0 3.8 3.8 3.9 4.1 4.2 4.4 4.1 4.1 4.2 4.2 4.2 4.3 4.3 4.4 4.3 4.4 4.6 4.5 4.6 4.3 4.1 4.1 4.1
0.2 0.2 0.1 0.1 0.1 0.1 0.2 0.2 0.3 0.3 0.4 0.5 0.5 0.6 0.7 0.7 0.8 0.8 0.9 0.9 1.0 1.0 1.0 1.1 1.1 1.1 1.1 1.1 1.1 1.2 1.2 1.2 1.2 1.2 1.2 1.3 1.3 1.2 1.2 1.3 1.3 1.4 1.5 1.5 1.7 1.8 2.0 2.1 2.2 2.4 2.6 2.6 2.7 2.8 3.0 3.0 3.1 3.2 3.4 3.5 3.7 3.9 3.8 3.7 3.7 4.0 3.9 3.9 3.9 3.8 3.8 3.9 3.9 4.2 4.4 4.3 4.4 4.3 4.3 4.2 4.3 4.3 4.6 4.4 4.7 5.1 5.1 5.5 4.9 4.7 4.6 4.4
0.3 0.3 0.3 0.3 0.2 0.2 0.3 0.3 0.3 0.4 0.5 0.5 0.6 0.6 0.7 0.8 0.8 0.9 0.9 1.0 1.0 1.0 1.1 1.1 1.1 1.1 1.2 1.2 1.2 1.2 1.2 1.2 1.2 1.2 1.2 1.3 1.3 1.3 1.3 1.3 1.3 1.4 1.5 1.5 1.7 1.8 1.9 2.0 2.2 2.4 2.7 2.8 2.7 2.9 3.0 3.0 3.1 3.2 3.4 3.6 3.6 3.6 3.6 3.6 3.5 3.6 3.6 3.8 3.8 3.7 3.8 3.8 3.9 4.0 4.2 4.5 4.5 4.4 4.5 4.4 4.4 4.4 4.7 4.8 4.9 4.9 5.2 5.3 5.4 5.4 5.3 5.0
0.4 0.4 0.4 0.4 0.4 0.4 0.4 0.4 0.5 0.5 0.6 0.6 0.7 0.7 0.8 0.8 0.9 0.9 1.0 1.0 1.0 1.1 1.1 1.1 1.2 1.2 1.2 1.2 1.2 1.2 1.2 1.2 1.2 1.2 1.2 1.3 1.3 1.3 1.4 1.3 1.4 1.4 1.5 1.6 1.7 1.8 2.0 2.1 2.2 2.4 2.7 2.9 2.8 2.8 2.9 3.0 3.0 3.2 3.3 3.5 3.5 3.5 3.5 3.5 3.4 3.4 3.4 3.6 3.6 3.6 3.7 3.8 3.9 4.0 4.3 4.5 4.5 4.4 4.5 4.6 4.6 4.6 4.8 4.7 4.8 4.8 5.0 5.2 5.2 5.8 6.4 6.0
0.6 0.5 0.5 0.5 0.6 0.6 0.6 0.6 0.6 0.7 0.7 0.8 0.8 0.9 0.9 1.0 1.0 1.1 1.1 1.1 1.2 1.2 1.2 1.2 1.2 1.2 1.2 1.2 1.3 1.3 1.3 1.3 1.3 1.3 1.3 1.3 1.3 1.3 1.3 1.4 1.4 1.5 1.6 1.7 1.8 1.9 2.0 2.1 2.3 2.4 2.5 2.7 2.8 2.9 2.9 3.0 3.1 3.2 3.3 3.4 3.4 3.4 3.4 3.4 3.2 3.3 3.2 3.2 3.3 3.5 3.7 3.8 3.9 4.1 4.3 4.3 4.3 4.4 4.5 4.6 4.7 4.9 4.8 4.9 4.9 5.0 5.1 5.2 5.2 5.4 5.5 5.5
0.7 0.7 0.7 0.7 0.7 0.7 0.7 0.8 0.8 0.9 0.9 1.0 1.0 1.1 1.1 1.2 1.2 1.3 1.3 1.3 1.3 1.3 1.3 1.3 1.2 1.3 1.3 1.3 1.3 1.3 1.3 1.3 1.3 1.3 1.3 1.3 1.3 1.4 1.4 1.4 1.5 1.5 1.6 1.7 1.8 1.9 2.1 2.2 2.3 2.5 2.6 2.7 2.8 2.9 3.0 3.1 3.2 3.3 3.3 3.3 3.4 3.2 3.2 3.2 3.1 3.0 3.0 3.1 3.2 3.4 3.6 3.8 3.9 4.0 4.1 4.3 4.4 4.4 4.5 4.6 4.7 4.8 5.1 5.1 5.1 5.1 5.1 5.1 5.3 5.4 5.4 6.0
0.8 0.8 0.8 0.8 0.8 0.9 0.9 0.9 1.0 1.0 1.1 1.1 1.2 1.2 1.3 1.3 1.4 1.4 1.5 1.5 1.5 1.5 1.5 1.4 1.4 1.3 1.3 1.3 1.3 1.3 1.3 1.3 1.3 1.3 1.4 1.4 1.4 1.4 1.4 1.5 1.5 1.6 1.7 1.8 1.9 2.0 2.1 2.3 2.4 2.5 2.7 2.8 2.9 2.9 3.0 3.1 3.2 3.2 3.2 3.2 3.2 3.2 3.2 3.2 3.0 2.9 2.9 3.1 3.2 3.4 3.5 3.7 3.9 4.0 4.1 4.2 4.3 4.5 4.6 4.7 4.8 4.9 5.0 5.1 5.3 5.4 5.4 5.2 5.2 5.3 5.3 5.3
0.9 0.9 0.9 0.9 1.0 1.0 1.0 1.1 1.1 1.2 1.2 1.3 1.3 1.4 1.4 1.5 1.5 1.6 1.6 1.6 1.6 1.6 1.6 1.6 1.6 1.5 1.4 1.4 1.4 1.4 1.4 1.4 1.4 1.4 1.4 1.4 1.4 1.4 1.5 1.5 1.6 1.6 1.7 1.8 2.0 2.1 2.2 2.3 2.5 2.6 2.7 2.8 2.9 3.0 3.1 3.1 3.1 3.1 3.1 3.2 3.2 3.2 3.2 3.1 3.0 3.0 2.9 3.0 3.1 3.3 3.5 3.7 3.9 4.0 4.1 4.3 4.4 4.5 4.7 4.8 4.9 5.0 5.0 5.1 5.2 5.4 5.3 5.4 5.3 5.3 5.1 5.3
1.0 1.0 1.0 1.0 1.1 1.1 1.2 1.2 1.2 1.3 1.4 1.4 1.5 1.5 1.6 1.6 1.7 1.7 1.8 1.8 1.8 1.8 1.8 1.8 1.7 1.7 1.6 1.5 1.5 1.4 1.4 1.4 1.4 1.4 1.4 1.4 1.4 1.5 1.5 1.6 1.6 1.7 1.8 1.9 2.0 2.1 2.3 2.4 2.5 2.7 2.8 2.9 3.0 3.0 3.1 3.2 3.2 3.2 3.2 3.2 3.2 3.2 3.2 3.2 3.1 3.0 3.0 3.0 3.1 3.3 3.5 3.7 3.9 4.0 4.1 4.3 4.5 4.6 4.8 4.9 5.0 5.1 5.2 5.2 5.2 5.4 5.4 5.3 5.3 5.2 5.2 5.3
1.0 1.1 1.1 1.1 1.2 1.2 1.3 1.3 1.4 1.4 1.5 1.5 1.6 1.7 1.7 1.8 1.8 1.9 1.9 1.9 2.0 2.0 2.0 1.9 1.9 1.9 1.8 1.8 1.7 1.6 1.5 1.5 1.5 1.5 1.5 1.5 1.5 1.5 1.6 1.6 1.7 1.8 1.8 2.0 2.1 2.2 2.3 2.5 2.6 2.7 2.8 2.9 3.0 3.1 3.2 3.2 3.3 3.3 3.3 3.3 3.3 3.3 3.3 3.3 3.2 3.1 3.1 3.1 3.2 3.3 3.5 3.7 3.9 4.1 4.2 4.3 4.5 4.7 4.8 4.9 5.1 5.2 5.3 5.3 5.3 5.4 5.5 5.4 5.3 5.3 5.0 4.9
1.1 1.1 1.2 1.2 1.3 1.3 1.4 1.4 1.5 1.5 1.6 1.7 1.7 1.8 1.8 1.9 1.9 2.0 2.0 2.1 2.1 2.1 2.1 2.1 2.1 2.1 2.0 2.0 1.9 1.8 1.7 1.6 1.5 1.5 1.5 1.5 1.5 1.6 1.6 1.7 1.7 1.8 1.9 2.0 2.1 2.3 2.4 2.5 2.7 2.8 2.9 3.0 3.1 3.2 3.2 3.3 3.3 3.4 3.4 3.4 3.4 3.4 3.3 3.3 3.3 3.3 3.2 3.2 3.3 3.4 3.5 3.7 3.9 4.1 4.2 4.4 4.5 4.7 4.8 5.0 5.1 5.3 5.2 5.2 5.2 5.3 5.4 5.4 5.3 5.2 5.0 4.8
1.2 1.2 1.3 1.3 1.4 1.4 1.5 1.5 1.6 1.6 1.7 1.8 1.8 1.9 1.9 2.0 2.1 2.1 2.2 2.2 2.2 2.2 2.3 2.3 2.3 2.2 2.2 2.2 2.1 2.0 2.0 1.9 1.8 1.7 1.6 1.6 1.6 1.6 1.6 1.7 1.8 1.9 2.0 2.1 2.2 2.3 2.5 2.6 2.7 2.8 3.0 3.1 3.1 3.2 3.3 3.3 3.4 3.4 3.5 3.5 3.5 3.5 3.5 3.5 3.4 3.4 3.4 3.4 3.4 3.5 3.6 3.7 3.9 4.1 4.2 4.4 4.6 4.7 4.8 5.0 5.1 5.2 5.1 5.1 5.2 5.3 5.3 5.3 5.2 5.1 5.0 4.9
1.2 1.3 1.3 1.4 1.4 1.5 1.6 1.6 1.7 1.7 1.8 1.9 1.9 2.0 2.1 2.1 2.2 2.2 2.3 2.3 2.3 2.4 2.4 2.4 2.4 2.4 2.4 2.4 2.3 2.3 2.2 2.1 2.0 2.0 1.9 1.8 1.7 1.7 1.7 1.8 1.8 1.9 2.0 2.1 2.3 2.4 2.5 2.7 2.8 2.9 3.0 3.1 3.2 3.3 3.3 3.4 3.4 3.5 3.5 3.6 3.6 3.6 3.7 3.7 3.6 3.5 3.5 3.5 3.5 3.6 3.8 3.8 4.0 4.1 4.2 4.4 4.6 4.8 4.9 5.0 5.2 5.1 5.1 5.1 5.2 5.4 5.3 5.3 5.1 5.1 5.0 4.9
1.3 1.4 1.4 1.5 1.5 1.6 1.6 1.7 1.8 1.8 1.9 2.0 2.0 2.1 2.1 2.2 2.3 2.3 2.4 2.4 2.5 2.5 2.5 2.5 2.6 2.6 2.6 2.5 2.5 2.5 2.4 2.4 2.3 2.2 2.2 2.1 2.0 1.9 1.9 1.8 1.9 2.0 2.1 2.2 2.3 2.5 2.6 2.7 2.9 3.0 3.1 3.2 3.3 3.3 3.4 3.5 3.5 3.5 3.6 3.6 3.7 3.7 3.7 3.8 3.8 3.7 3.7 3.6 3.7 3.7 3.8 3.9 4.0 4.1 4.3 4.4 4.5 4.8 5.0 5.1 5.2 5.2 5.2 5.1 5.2 5.3 5.3 5.2 5.2 5.2 5.0 4.9
