Australia Fires/rainfall2.grid
ncols 886
nrows 691
xllcenter 112.0000
yllcenter -44.5000
cellsize 0.0500
nodata_value 99999.90
[rows 82 to 122 of 691, columns 552 to 643 of 886]
29.0 29.6 30.8 32.1 33.4 34.8 36.2 37.7 39.2 40.7 42.1 43.5 45.0 46.4 47.8 49.1 50.4 51.6 52.7 53.6 54.3 54.9 55.1 55.0 54.6 53.7 52.3 50.4 47.9 44.8 41.2 37.0 32.3 27.1 21.7 16.0 10.3 4.8 1.0 3.5 7.5 11.6 15.7 20.0 24.3 28.7 33.3 38.1 43.1 48.5 54.3 60.3 66.9 73.8 80.9 88.4 95.6 103.1 110.1 117.3 123.1 127.6 132.3 136.2 139.2 142.1 143.9 145.3 146.2 147.8 148.3 149.9 151.5 153.3 155.9 158.5 162.9 165.7 167.5 167.7 165.9 162.8 159.1 155.1 151.2 147.5 143.9 140.6 137.5 134.4 131.1 127.6
28.7 29.1 30.2 31.4 32.7 34.1 35.5 36.9 38.3 39.7 41.1 42.5 43.9 45.3 46.7 48.0 49.3 50.5 51.7 52.6 53.5 54.1 54.6 54.7 54.5 54.0 53.0 51.5 49.6 47.1 44.2 40.7 36.7 32.3 27.6 22.6 17.6 12.6 8.9 10.7 14.3 17.9 21.6 25.3 29.0 32.8 36.7 40.8 45.0 49.5 54.4 59.6 65.2 71.1 77.3 83.7 91.2 98.3 105.7 112.1 118.0 123.0 128.4 132.4 136.0 139.2 141.7 143.7 145.2 146.0 146.7 148.1 149.3 151.0 153.0 155.8 157.9 159.8 160.8 160.7 159.2 156.7 153.7 150.4 147.1 143.9 140.8 138.0 135.4 132.9 130.5 128.0
28.3 28.7 29.7 30.9 32.1 33.4 34.7 36.1 37.5 38.8 40.2 41.6 42.9 44.3 45.7 47.0 48.3 49.5 50.6 51.7 52.6 53.3 53.9 54.2 54.3 54.0 53.3 52.3 50.8 48.8 46.4 43.5 40.1 36.3 32.2 27.8 23.2 18.7 15.3 17.0 20.1 23.3 26.5 29.7 32.9 36.1 39.4 42.9 46.4 50.2 54.4 58.6 63.2 68.2 74.1 80.2 86.5 93.0 100.3 107.5 112.5 118.3 124.0 129.3 132.5 136.5 139.6 144.6 142.6 143.5 144.5 145.6 146.5 147.9 149.1 151.0 152.7 153.9 154.4 154.1 152.9 151.0 148.3 145.6 142.9 140.3 137.8 135.4 133.1 131.0 129.0 127.0
28.0 28.4 29.3 30.4 31.6 32.8 34.1 35.4 36.7 38.0 39.3 40.7 42.0 43.3 44.6 45.9 47.2 48.4 49.6 50.7 51.6 52.5 53.1 53.6 53.8 53.8 53.4 52.6 51.5 49.9 47.9 45.4 42.5 39.2 35.6 31.6 27.5 23.3 20.2 22.0 24.8 27.6 30.4 33.1 35.9 38.7 41.5 44.4 47.4 50.5 53.9 57.6 61.6 66.3 70.8 76.3 81.8 88.4 94.9 101.6 107.0 113.1 119.0 124.6 129.1 133.2 135.4 137.6 140.0 140.8 141.8 142.5 143.4 144.1 144.9 146.3 147.4 148.1 148.4 147.9 147.2 145.3 143.3 141.1 139.0 136.9 134.9 132.9 131.0 129.2 127.4 125.7
27.7 28.1 29.0 30.0 31.1 32.3 33.5 34.7 36.0 37.3 38.5 39.8 41.1 42.4 43.7 44.9 46.2 47.4 48.6 49.7 50.7 51.6 52.3 52.9 53.2 53.3 53.1 52.6 51.7 50.5 48.8 46.7 44.2 41.2 37.9 34.3 30.4 26.6 24.3 26.0 28.4 30.9 33.3 35.6 38.0 40.4 42.9 45.3 47.8 50.6 53.6 56.7 60.1 63.8 68.1 72.7 77.8 83.6 89.6 95.6 101.3 107.6 114.2 120.0 124.3 128.0 131.2 134.0 136.5 137.4 138.6 139.4 140.0 140.2 140.4 141.9 142.3 142.8 143.0 142.7 141.9 140.7 138.8 137.0 135.4 133.8 132.1 130.5 129.0 127.4 125.9 124.3
27.4 27.9 28.7 29.7 30.7 31.8 33.0 34.1 35.4 36.6 37.8 39.0 40.2 41.5 42.7 44.0 45.2 46.4 47.6 48.7 49.7 50.6 51.4 52.0 52.5 52.7 52.7 52.3 51.6 50.6 49.2 47.3 45.1 42.4 39.4 36.0 32.4 28.8 27.2 28.8 31.0 33.1 35.2 37.3 39.4 41.5 43.6 45.8 48.1 50.3 52.9 55.7 58.7 61.9 65.6 69.7 73.9 79.0 84.2 90.1 96.0 102.4 108.5 114.7 119.4 123.7 128.1 130.3 132.4 134.0 135.3 136.2 136.8 136.6 136.6 137.8 138.1 138.4 139.0 138.0 137.2 136.2 134.8 133.5 132.2 130.9 129.6 128.3 127.0 125.7 124.3 122.9
27.2 27.7 28.6 29.5 30.4 31.4 32.5 33.6 34.8 35.9 37.1 38.3 39.5 40.7 41.9 43.1 44.3 45.5 46.6 47.7 48.7 49.6 50.5 51.1 51.6 51.9 52.0 51.8 51.3 50.4 49.1 47.5 45.4 42.9 40.1 36.9 33.4 30.1 29.2 30.7 32.6 34.5 36.4 38.3 40.1 42.0 43.9 45.8 47.9 50.0 52.2 54.6 57.2 60.0 63.0 66.4 70.5 75.1 80.1 85.2 91.3 97.1 103.5 108.9 114.2 119.2 124.2 127.4 130.0 131.5 132.3 133.5 133.3 133.3 133.7 134.2 135.0 135.9 134.3 134.1 133.4 133.3 131.6 130.5 129.3 128.3 127.3 126.2 125.1 123.9 122.7 121.4
27.2 27.7 28.5 29.3 30.2 31.2 32.2 33.2 34.3 35.4 36.5 37.6 38.8 39.9 41.1 42.2 43.4 44.5 45.7 46.7 47.7 48.7 49.5 50.2 50.7 51.1 51.2 51.1 50.6 49.8 48.7 47.2 45.2 42.9 40.2 37.1 33.7 30.6 30.3 31.8 33.5 35.2 37.0 38.6 40.4 42.1 43.8 45.5 47.4 49.3 51.2 53.3 55.7 58.0 60.8 64.0 67.7 71.5 76.1 81.1 86.5 92.1 98.0 103.8 109.4 114.8 119.4 123.4 128.2 128.1 129.3 129.8 129.9 130.2 130.9 131.6 132.4 131.4 130.8 130.6 130.0 129.3 128.6 127.9 126.9 126.0 125.1 124.2 123.2 122.2 121.1 119.9
27.2 27.8 28.5 29.3 30.1 31.0 31.9 32.9 33.9 34.9 36.0 37.0 38.1 39.2 40.3 41.5 42.6 43.7 44.8 45.8 46.8 47.7 48.5 49.2 49.8 50.1 50.3 50.2 49.8 49.0 48.0 46.5 44.7 42.4 39.8 36.8 33.5 30.6 30.8 32.2 33.8 35.4 37.0 38.6 40.2 41.8 43.4 45.0 46.7 48.5 50.2 52.2 54.3 56.5 58.9 61.6 64.8 68.4 72.7 77.2 82.4 88.1 94.2 99.6 105.3 110.3 115.3 119.8 125.1 126.1 126.8 126.4 126.9 128.0 128.6 129.5 130.0 131.4 128.6 128.7 127.5 127.6 126.0 125.4 124.7 123.9 123.2 122.4 121.5 120.4 119.5 118.3
27.4 27.9 28.6 29.3 30.0 30.9 31.7 32.6 33.6 34.6 35.5 36.5 37.6 38.6 39.7 40.7 41.8 42.9 43.9 44.9 45.9 46.8 47.5 48.2 48.8 49.1 49.3 49.1 48.8 48.1 47.0 45.6 43.8 41.6 39.0 36.0 32.8 30.1 30.7 32.2 33.7 35.1 36.6 38.2 39.7 41.2 42.8 44.3 46.0 47.5 49.1 50.9 52.8 54.9 57.0 59.4 62.3 65.6 69.4 73.5 78.4 83.9 89.8 95.6 101.4 106.4 111.5 115.6 119.2 121.6 122.6 123.3 124.4 125.6 126.5 127.7 128.7 129.1 128.5 126.4 126.1 125.8 124.1 123.4 122.8 122.3 121.3 120.5 119.6 118.7 117.6 116.6
27.6 28.2 28.8 29.4 30.1 30.8 31.6 32.5 33.4 34.3 35.2 36.1 37.1 38.1 39.1 40.1 41.1 42.1 43.1 44.1 45.0 45.8 46.6 47.2 47.7 48.1 48.2 48.0 47.6 46.9 45.9 44.4 42.6 40.4 37.8 34.9 31.8 29.5 30.3 31.7 33.1 34.6 36.0 37.5 38.9 40.4 41.9 43.4 45.1 46.5 48.0 49.7 51.3 53.2 55.3 57.6 60.1 63.1 66.5 70.3 75.0 79.9 85.6 91.3 97.4 102.8 107.4 112.8 116.6 117.8 119.6 121.8 122.8 124.4 125.2 126.2 126.8 127.8 127.3 124.7 124.7 123.3 122.7 121.9 121.2 120.8 119.7 118.7 117.8 116.8 115.8 114.7
28.0 28.5 29.0 29.6 30.2 30.9 31.6 32.4 33.2 34.1 34.9 35.8 36.7 37.6 38.6 39.5 40.5 41.5 42.4 43.3 44.2 45.0 45.7 46.3 46.7 47.0 47.1 46.9 46.4 45.7 44.6 43.1 41.2 39.0 36.4 33.5 30.5 28.8 29.6 31.0 32.4 33.7 35.1 36.6 38.0 39.4 40.9 42.4 43.8 45.3 46.8 48.4 50.1 51.8 53.7 55.8 58.1 60.9 64.0 67.7 71.8 76.7 82.4 88.3 93.9 99.2 104.3 109.1 112.7 115.3 118.9 119.7 121.3 122.4 124.1 124.8 126.1 125.9 124.6 123.8 122.9 122.7 121.4 120.7 119.9 119.3 118.1 117.1 116.0 114.9 113.9 112.8
28.4 28.8 29.3 29.8 30.4 31.0 31.7 32.4 33.2 33.9 34.7 35.6 36.4 37.3 38.2 39.1 40.0 40.9 41.8 42.6 43.4 44.1 44.8 45.3 45.7 45.9 45.9 45.7 45.1 44.3 43.1 41.6 39.7 37.4 34.8 31.9 29.0 27.8 28.7 30.0 31.4 32.7 34.1 35.5 36.9 38.3 39.8 41.2 42.7 44.2 45.7 47.2 48.8 50.5 52.3 54.3 56.5 59.0 61.9 65.3 69.4 74.5 80.1 85.9 91.2 96.7 102.6 106.4 110.6 113.6 116.7 117.8 120.0 121.4 123.4 124.4 125.5 126.4 124.2 123.3 122.2 121.5 120.4 119.6 118.7 117.9 116.7 115.6 114.3 113.1 112.2 110.7
28.9 29.3 29.7 30.2 30.7 31.2 31.9 32.5 33.2 33.9 34.6 35.4 36.2 37.0 37.8 38.7 39.5 40.4 41.2 42.0 42.7 43.4 43.9 44.4 44.7 44.8 44.7 44.4 43.8 42.8 41.6 40.0 38.0 35.6 33.0 30.0 27.2 26.7 27.7 28.9 30.2 31.6 32.9 34.3 35.7 37.2 38.6 40.0 41.5 43.0 44.5 46.0 47.6 49.2 51.0 52.9 55.0 57.4 60.2 63.6 67.6 72.6 78.5 84.2 89.9 95.2 100.7 104.6 109.3 113.2 115.7 117.3 119.2 120.9 122.5 123.5 124.8 124.4 124.6 123.1 121.8 120.5 119.5 118.4 117.5 116.5 115.4 114.1 112.6 111.3 109.8 108.7
29.3 29.7 30.1 30.5 31.0 31.5 32.1 32.7 33.3 34.0 34.6 35.3 36.0 36.8 37.6 38.3 39.1 39.9 40.7 41.4 42.1 42.7 43.1 43.5 43.7 43.8 43.6 43.1 42.4 41.3 39.9 38.2 36.1 33.7 30.9 27.9 25.3 25.4 26.5 27.8 29.0 30.3 31.7 33.1 34.5 36.0 37.4 38.8 40.3 41.8 43.2 44.7 46.3 47.9 49.5 51.4 53.5 55.9 58.6 61.8 65.9 71.6 77.4 83.1 88.8 93.8 98.8 103.4 108.5 112.7 115.3 117.1 119.5 120.7 122.4 123.3 124.6 124.1 124.5 122.7 121.2 120.1 118.7 117.6 116.5 115.4 114.1 112.5 111.1 109.5 107.8 106.2
29.9 30.2 30.6 31.0 31.4 31.9 32.4 32.9 33.5 34.1 34.7 35.3 36.0 36.7 37.4 38.1 38.8 39.5 40.2 40.9 41.5 42.0 42.4 42.7 42.8 42.7 42.4 41.8 40.9 39.7 38.2 36.3 34.1 31.5 28.7 25.7 23.6 24.2 25.3 26.5 27.7 29.1 30.5 31.9 33.3 34.7 36.2 37.6 39.1 40.5 42.0 43.5 45.0 46.6 48.3 50.1 52.2 54.4 57.2 60.4 65.2 70.9 76.6 82.2 87.9 93.0 98.7 103.1 108.0 112.7 114.9 117.5 119.2 121.1 122.8 123.6 124.3 125.2 124.3 122.2 120.9 119.2 118.1 116.8 115.6 114.3 112.8 111.4 109.8 107.8 105.9 103.9
30.4 30.7 31.1 31.4 31.8 32.3 32.7 33.2 33.7 34.3 34.8 35.4 36.0 36.6 37.3 37.9 38.6 39.3 39.9 40.5 41.0 41.4 41.7 41.9 41.9 41.7 41.2 40.5 39.5 38.1 36.4 34.4 32.0 29.3 26.3 23.4 22.2 23.0 24.2 25.4 26.5 27.8 29.2 30.6 32.1 33.5 34.9 36.4 37.8 39.2 40.7 42.2 43.7 45.3 47.0 48.9 50.9 53.2 55.9 59.5 65.0 70.8 76.5 82.3 87.3 92.6 97.8 102.9 108.3 112.9 116.8 118.2 119.9 121.5 123.0 123.2 124.3 124.9 123.9 121.7 120.2 119.6 118.7 116.3 114.9 113.4 111.8 110.2 108.4 106.4 104.3 102.1
31.0 31.3 31.6 31.9 32.3 32.7 33.1 33.5 34.0 34.5 35.0 35.5 36.1 36.7 37.3 37.9 38.5 39.0 39.6 40.1 40.5 40.9 41.1 41.1 41.0 40.7 40.1 39.2 38.0 36.5 34.6 32.4 29.8 26.9 23.8 21.1 20.9 21.9 23.1 24.3 25.4 26.7 28.1 29.4 30.9 32.3 33.7 35.1 36.6 38.0 39.4 41.0 42.4 44.0 45.7 47.5 49.6 52.1 55.0 59.0 64.9 70.8 76.6 82.4 87.9 93.2 98.6 104.1 109.6 114.9 117.7 119.6 121.5 122.2 123.4 123.8 124.8 123.7 123.3 121.3 120.0 119.0 117.8 115.5 114.0 112.4 110.9 109.3 107.5 105.3 103.1 101.0
31.5 31.8 32.1 32.4 32.8 33.1 33.5 33.9 34.4 34.8 35.2 35.7 36.2 36.8 37.3 37.8 38.4 38.9 39.4 39.8 40.2 40.4 40.5 40.5 40.2 39.7 39.0 37.9 36.5 34.8 32.7 30.3 27.5 24.5 21.3 19.3 19.8 20.9 22.1 23.2 24.4 25.7 27.0 28.3 29.7 31.1 32.5 33.9 35.3 36.8 38.2 39.7 41.2 42.8 44.5 46.3 48.4 50.9 54.1 58.7 64.7 70.8 76.6 82.5 88.1 94.2 99.5 104.9 110.9 116.0 118.5 120.6 121.8 123.2 124.4 124.7 123.3 123.3 122.4 121.8 119.7 118.0 116.8 115.9 113.4 111.8 110.5 108.7 107.0 104.7 102.2 100.3
32.0 32.3 32.6 32.9 33.3 33.6 33.9 34.3 34.7 35.1 35.5 36.0 36.4 36.9 37.4 37.9 38.4 38.8 39.2 39.6 39.8 40.0 40.0 39.8 39.5 38.8 37.9 36.7 35.1 33.2 30.9 28.2 25.3 22.0 18.9 18.1 18.9 20.0 21.2 22.3 23.5 24.7 26.0 27.3 28.6 30.0 31.3 32.7 34.1 35.5 37.0 38.4 40.0 41.5 43.2 45.1 47.3 49.9 53.1 58.0 64.2 70.4 76.4 82.4 88.5 94.3 100.1 105.8 112.1 117.2 120.1 121.7 123.3 124.1 124.8 124.9 123.9 122.9 122.4 121.6 119.6 117.9 118.2 114.8 113.4 111.5 110.0 108.2 106.4 104.0 101.5 99.7
32.6 32.9 33.2 33.5 33.8 34.1 34.4 34.8 35.1 35.5 35.9 36.3 36.7 37.1 37.5 38.0 38.4 38.8 39.1 39.4 39.6 39.7 39.6 39.3 38.8 38.0 36.9 35.5 33.8 31.6 29.1 26.2 23.0 19.6 16.9 17.1 18.2 19.2 20.4 21.5 22.6 23.8 25.1 26.3 27.6 28.9 30.3 31.6 33.0 34.4 35.8 37.3 38.7 40.4 42.0 44.0 46.2 48.7 52.2 57.4 63.5 69.7 76.1 82.2 88.5 94.9 100.9 107.3 113.7 118.9 121.6 123.7 125.0 125.2 125.6 124.8 124.4 123.6 122.2 121.4 119.7 118.5 117.8 115.4 113.3 111.6 109.6 107.6 105.4 103.6 100.9 99.4
33.1 33.4 33.7 33.9 34.2 34.5 34.9 35.2 35.5 35.9 36.2 36.6 36.9 37.3 37.7 38.1 38.5 38.8 39.1 39.3 39.4 39.4 39.2 38.8 38.2 37.3 36.0 34.5 32.5 30.1 27.4 24.3 20.8 17.4 15.9 16.5 17.5 18.6 19.6 20.7 21.9 23.0 24.3 25.5 26.7 28.0 29.3 30.6 32.0 33.3 34.7 36.1 37.6 39.2 41.0 42.9 45.2 47.9 51.2 56.2 62.4 69.1 75.5 82.4 88.6 95.1 102.2 108.9 115.8 120.1 123.2 125.3 126.6 127.2 127.9 125.9 124.9 124.4 123.0 121.6 120.0 120.3 118.1 115.2 113.2 111.7 109.2 107.1 105.1 102.8 100.5 98.9
33.5 33.8 34.1 34.4 34.7 35.0 35.3 35.6 36.0 36.3 36.6 36.9 37.3 37.6 38.0 38.3 38.6 38.9 39.1 39.3 39.3 39.2 38.9 38.4 37.7 36.6 35.2 33.5 31.3 28.8 25.8 22.5 18.8 15.6 15.1 16.0 17.0 18.0 19.0 20.1 21.2 22.4 23.5 24.7 25.9 27.2 28.4 29.7 31.0 32.3 33.7 35.1 36.6 38.2 39.9 41.9 44.2 46.9 50.3 54.8 61.3 68.0 75.0 81.7 88.9 95.7 103.3 110.6 117.3 121.5 124.5 126.5 127.8 128.6 129.2 127.2 126.4 124.9 123.5 122.2 120.8 119.9 117.7 115.3 113.2 111.4 108.8 106.9 104.0 101.9 99.8 98.2
33.9 34.3 34.6 34.9 35.2 35.5 35.8 36.1 36.4 36.7 37.0 37.3 37.6 37.9 38.2 38.5 38.8 39.0 39.2 39.3 39.3 39.1 38.7 38.1 37.3 36.1 34.6 32.7 30.3 27.6 24.5 20.9 17.2 14.4 14.6 15.5 16.5 17.5 18.5 19.6 20.7 21.8 22.9 24.1 25.2 26.4 27.6 28.9 30.1 31.4 32.8 34.2 35.6 37.2 39.0 41.0 43.4 46.3 49.8 54.1 59.9 66.7 73.8 81.1 88.4 96.2 104.3 111.3 117.1 121.8 124.5 127.0 127.9 128.9 129.3 129.4 128.1 125.8 124.2 122.8 123.9 121.7 118.1 115.3 113.2 110.6 109.0 106.3 103.2 100.8 99.2 97.4
34.3 34.7 35.0 35.3 35.6 35.9 36.2 36.5 36.8 37.1 37.3 37.6 37.9 38.2 38.5 38.8 39.0 39.2 39.3 39.4 39.3 39.0 38.6 37.9 37.0 35.7 34.0 32.0 29.5 26.6 23.3 19.6 15.8 13.9 14.3 15.2 16.2 17.1 18.1 19.2 20.2 21.3 22.4 23.5 24.6 25.8 27.0 28.1 29.4 30.6 31.9 33.3 34.8 36.3 38.1 40.2 42.6 45.5 48.9 53.3 58.6 65.0 72.5 80.1 87.9 96.0 104.0 110.9 117.2 121.4 124.5 126.6 127.9 128.8 129.1 128.8 128.1 127.2 124.9 122.8 121.5 122.7 118.2 114.8 112.9 109.8 107.7 106.2 102.1 100.2 98.3 96.6
34.7 35.0 35.4 35.7 36.0 36.3 36.6 36.9 37.2 37.4 37.7 38.0 38.3 38.5 38.8 39.0 39.3 39.4 39.5 39.5 39.4 39.1 38.6 37.8 36.8 35.4 33.7 31.5 28.9 25.9 22.5 18.6 14.8 13.6 14.1 15.0 15.9 16.9 17.8 18.8 19.8 20.9 22.0 23.0 24.1 25.3 26.4 27.5 28.7 30.0 31.2 32.6 34.0 35.6 37.4 39.4 41.8 44.7 48.3 52.6 57.8 63.9 71.1 78.8 86.8 95.2 103.1 110.1 116.1 120.5 123.8 125.8 127.3 128.3 129.0 128.2 127.6 126.8 126.2 123.3 121.2 123.1 117.6 114.4 111.6 109.1 106.8 103.8 101.2 99.8 98.2 95.6
35.0 35.3 35.7 36.0 36.3 36.6 36.9 37.2 37.5 37.8 38.1 38.3 38.6 38.8 39.1 39.3 39.5 39.6 39.7 39.7 39.5 39.2 38.6 37.8 36.7 35.3 33.5 31.2 28.6 25.5 21.9 17.9 14.2 13.4 14.0 14.9 15.7 16.7 17.6 18.6 19.6 20.6 21.6 22.7 23.7 24.8 25.9 27.0 28.2 29.4 30.6 32.0 33.4 35.0 36.8 38.8 41.2 44.1 47.6 51.9 56.8 62.9 69.8 77.3 85.3 93.5 101.3 108.0 113.9 118.5 122.4 124.9 127.3 127.9 128.8 128.5 127.6 126.7 125.8 123.6 121.8 122.9 116.5 113.6 110.8 107.9 106.3 103.5 100.4 99.5 97.1 94.8
35.2 35.6 36.0 36.3 36.6 37.0 37.3 37.6 37.9 38.1 38.4 38.7 38.9 39.2 39.4 39.6 39.8 39.9 39.9 39.9 39.7 39.3 38.7 37.9 36.8 35.3 33.5 31.2 28.5 25.3 21.7 17.6 13.9 13.3 14.0 14.8 15.7 16.5 17.4 18.4 19.3 20.3 21.4 22.4 23.4 24.4 25.5 26.6 27.7 28.9 30.1 31.5 32.8 34.4 36.1 38.2 40.6 43.4 46.9 51.0 55.9 61.8 68.3 75.7 83.5 91.4 99.1 105.9 112.0 117.1 121.1 123.9 125.8 126.4 127.1 127.4 127.0 125.8 124.6 123.2 121.7 119.8 115.5 113.1 109.9 107.4 105.0 102.6 99.9 101.0 96.2 94.4
35.5 35.9 36.2 36.6 36.9 37.2 37.6 37.9 38.2 38.5 38.7 39.0 39.2 39.5 39.7 39.9 40.1 40.2 40.2 40.1 39.9 39.5 39.0 38.1 37.0 35.5 33.6 31.3 28.6 25.5 21.8 17.8 14.0 13.4 14.0 14.8 15.6 16.5 17.3 18.2 19.2 20.1 21.1 22.2 23.1 24.1 25.1 26.2 27.3 28.5 29.7 31.0 32.4 33.9 35.7 37.7 40.1 42.9 46.2 50.1 54.9 60.5 67.0 74.2 81.8 89.5 96.8 103.4 109.9 115.0 118.7 121.5 123.2 125.6 125.7 125.1 125.4 125.0 123.3 123.1 124.3 119.9 115.2 112.2 109.7 106.6 104.6 101.6 99.2 99.0 95.7 92.9
35.7 36.1 36.5 36.8 37.2 37.5 37.8 38.2 38.5 38.7 39.0 39.3 39.5 39.8 40.0 40.2 40.3 40.5 40.5 40.4 40.2 39.8 39.2 38.4 37.3 35.8 34.0 31.7 29.0 25.9 22.3 18.3 14.5 13.6 14.2 14.9 15.7 16.5 17.3 18.2 19.1 20.0 20.9 21.9 22.9 23.8 24.8 25.9 27.0 28.1 29.3 30.6 32.0 33.6 35.2 37.3 39.6 42.2 45.6 49.4 54.0 59.5 65.6 72.3 79.5 87.0 93.9 100.6 106.8 111.6 115.6 119.0 121.8 122.6 123.2 123.6 123.5 122.2 121.8 122.4 122.8 119.2 114.3 113.3 108.7 105.8 103.5 101.3 99.2 96.2 94.2 93.1
35.9 36.3 36.7 37.0 37.4 37.7 38.1 38.4 38.7 39.0 39.3 39.5 39.8 40.0 40.3 40.5 40.6 40.7 40.8 40.7 40.5 40.1 39.6 38.8 37.7 36.3 34.5 32.3 29.7 26.6 23.1 19.2 15.4 14.0 14.4 15.1 15.8 16.6 17.4 18.2 19.0 19.9 20.8 21.7 22.6 23.6 24.6 25.6 26.7 27.8 29.0 30.3 31.7 33.3 35.0 36.8 39.1 41.9 45.0 48.8 53.2 58.3 64.1 70.5 77.2 84.3 91.1 97.7 103.5 108.3 112.5 115.9 118.0 119.6 120.4 121.1 121.7 121.2 121.7 121.8 119.2 115.9 113.4 112.6 107.8 104.8 102.4 99.6 97.3 96.1 97.6 93.7
36.0 36.4 36.8 37.2 37.6 37.9 38.3 38.6 39.0 39.2 39.5 39.8 40.0 40.3 40.5 40.7 40.9 41.0 41.1 41.0 40.8 40.5 40.0 39.2 38.2 36.8 35.1 33.1 30.6 27.6 24.3 20.5 16.7 14.6 14.7 15.4 16.1 16.8 17.5 18.3 19.1 19.9 20.8 21.7 22.5 23.4 24.4 25.4 26.5 27.6 28.8 30.0 31.4 32.9 34.6 36.6 38.9 41.4 44.6 48.1 52.3 57.1 62.5 68.5 75.0 81.7 88.3 94.4 100.0 105.0 109.0 112.0 114.7 115.9 117.3 117.3 119.5 120.8 118.3 115.5 113.2 111.2 109.4 108.3 106.6 103.4 100.6 98.8 97.2 97.7 96.9 95.7
36.2 36.6 37.0 37.4 37.8 38.1 38.5 38.8 39.2 39.5 39.7 40.0 40.3 40.5 40.8 41.0 41.2 41.3 41.4 41.3 41.2 40.9 40.4 39.7 38.8 37.5 36.0 34.0 31.7 28.9 25.7 22.1 18.3 15.4 15.2 15.8 16.4 17.1 17.8 18.5 19.2 20.0 20.8 21.6 22.5 23.3 24.3 25.3 26.3 27.4 28.5 29.8 31.2 32.7 34.4 36.4 38.6 41.2 44.1 47.5 51.5 56.0 61.1 66.8 72.8 79.0 85.2 91.2 96.8 101.7 105.4 108.5 111.0 112.5 113.1 114.8 114.9 114.4 114.1 110.0 108.0 106.7 105.7 104.7 104.5 103.3 100.2 99.0 97.4 97.2 95.0 94.2
36.3 36.8 37.2 37.6 38.0 38.3 38.7 39.0 39.4 39.7 40.0 40.2 40.5 40.8 41.0 41.2 41.4 41.6 41.7 41.7 41.6 41.3 40.9 40.3 39.4 38.3 36.9 35.1 32.9 30.3 27.4 24.0 20.3 16.9 16.0 16.4 16.9 17.5 18.1 18.8 19.4 20.2 20.9 21.7 22.5 23.4 24.2 25.2 26.2 27.3 28.4 29.6 31.0 32.5 34.2 36.1 38.4 40.9 43.8 47.0 50.8 55.0 59.8 65.0 70.7 76.6 82.5 88.3 93.5 98.0 101.8 104.8 107.0 108.6 110.3 110.7 109.7 109.6 107.6 106.6 104.3 104.5 104.0 103.2 102.2 102.5 97.7 96.3 97.4 93.3 93.7 96.0
36.5 37.0 37.4 37.8 38.2 38.6 38.9 39.3 39.6 39.9 40.2 40.4 40.7 41.0 41.2 41.5 41.7 41.8 42.0 42.0 41.9 41.8 41.4 40.9 40.2 39.2 37.9 36.3 34.3 31.9 29.2 26.1 22.7 19.2 17.1 17.2 17.6 18.1 18.6 19.2 19.8 20.5 21.2 21.9 22.6 23.5 24.3 25.2 26.2 27.2 28.3 29.5 30.8 32.3 34.0 36.0 38.2 40.7 43.4 46.6 50.0 54.1 58.5 63.5 68.7 74.3 79.8 85.2 90.1 94.7 98.4 101.6 103.9 105.3 106.2 106.6 105.7 105.4 103.0 101.9 101.6 102.9 104.6 101.3 101.0 99.0 96.6 97.1 95.9 93.0 94.6 94.6
36.8 37.2 37.7 38.1 38.4 38.8 39.2 39.5 39.8 40.1 40.4 40.6 40.9 41.2 41.4 41.7 41.9 42.1 42.2 42.3 42.3 42.2 42.0 41.6 40.9 40.1 39.0 37.5 35.8 33.7 31.2 28.4 25.2 21.8 18.8 18.3 18.6 19.0 19.4 19.9 20.4 20.9 21.5 22.2 22.9 23.7 24.4 25.3 26.2 27.2 28.2 29.4 30.7 32.2 33.9 35.8 38.1 40.5 43.2 46.1 49.4 53.1 57.4 62.0 67.0 72.1 77.5 82.5 87.3 91.6 95.0 98.1 100.4 101.5 102.5 102.6 101.4 100.1 97.9 98.0 99.1 100.5 101.0 99.7 99.1 96.8 96.4 97.3 96.5 96.1 94.8 99.1
37.1 37.6 38.0 38.4 38.8 39.1 39.5 39.8 40.1 40.4 40.6 40.9 41.1 41.4 41.7 41.9 42.1 42.4 42.5 42.7 42.7 42.7 42.5 42.2 41.7 41.0 40.1 38.9 37.4 35.5 33.3 30.8 27.9 24.7 21.5 20.0 19.9 20.2 20.4 20.8 21.2 21.6 22.1 22.6 23.2 23.9 24.6 25.4 26.2 27.2 28.2 29.4 30.7 32.1 33.7 35.6 37.8 40.3 42.7 45.5 48.7 52.3 56.3 60.7 65.3 70.2 75.1 79.9 84.3 88.3 92.0 94.7 96.8 98.5 98.9 98.8 97.8 97.0 95.8 95.4 96.8 100.5 99.0 97.4 96.5 95.0 94.4 93.7 92.8 94.1 93.2 95.6
37.6 38.0 38.5 38.8 39.2 39.5 39.8 40.1 40.4 40.7 40.9 41.1 41.4 41.6 41.9 42.1 42.4 42.6 42.8 43.0 43.1 43.2 43.1 42.9 42.6 42.0 41.3 40.3 39.0 37.4 35.5 33.2 30.7 27.8 24.6 22.2 21.7 21.7 21.8 22.0 22.2 22.6 22.9 23.3 23.8 24.4 25.0 25.7 26.5 27.3 28.3 29.4 30.6 32.0 33.5 35.3 37.4 39.7 42.1 44.9 48.0 51.5 55.3 59.5 63.9 68.4 73.0 77.5 81.6 85.5 88.9 91.6 93.9 95.3 95.8 96.3 96.4 95.4 95.3 95.1 94.7 95.3 96.1 95.2 94.6 93.9 93.8 92.5 91.5 91.0 93.5 91.9
38.2 38.7 39.1 39.4 39.8 40.1 40.3 40.6 40.9 41.1 41.3 41.5 41.7 41.9 42.1 42.4 42.6 42.9 43.1 43.3 43.5 43.6 43.7 43.6 43.4 43.0 42.5 41.7 40.6 39.3 37.7 35.7 33.4 30.8 27.9 25.2 24.0 23.8 23.7 23.6 23.7 23.8 24.0 24.3 24.6 25.0 25.6 26.2 26.8 27.6 28.5 29.5 30.6 31.9 33.3 35.0 36.9 39.2 41.6 44.3 47.4 50.8 54.4 58.3 62.4 66.8 71.0 75.2 79.2 82.8 86.2 88.9 90.8 92.2 92.9 93.7 94.2 94.2 94.1 94.6 94.8 95.2 94.2 94.0 94.3 93.7 93.6 93.8 92.4 90.7 90.6 92.2
39.0 39.5 39.9 40.2 40.5 40.8 41.0 41.2 41.4 41.5 41.7 41.8 42.0 42.2 42.4 42.6 42.9 43.2 43.4 43.7 43.9 44.1 44.2 44.3 44.2 44.0 43.7 43.1 42.3 41.2 39.8 38.2 36.2 33.9 31.3 28.5 26.9 26.3 25.9 25.6 25.5 25.4 25.4 25.4 25.6 25.9 26.3 26.8 27.3 28.0 28.8 29.7 30.7 31.9 33.3 34.8 36.7 38.9 41.3 43.9 46.9 50.0 53.5 57.3 61.1 65.0 69.1 72.9 76.8 79.9 83.0 85.7 88.2 89.9 91.1 92.1 93.0 93.1 93.4 93.6 95.1 94.4 93.9 94.2 93.5 93.7 93.6 93.1 95.4 91.6 95.5 94.8
40.1 40.6 40.9 41.2 41.5 41.7 41.8 42.0 42.1 42.2 42.2 42.3 42.4 42.6 42.8 43.0 43.2 43.5 43.7 44.0 44.3 44.6 44.8 45.0 45.1 45.1 44.9 44.5 43.9 43.1 42.0 40.6 38.9 36.9 34.5 32.0 30.2 29.3 28.7 28.1 27.7 27.4 27.1 27.0 27.0 27.1 27.3 27.6 28.0 28.5 29.2 30.0 30.9 32.1 33.4 34.9 36.6 38.7 41.0 43.6 46.4 49.5 52.8 56.2 59.9 63.8 67.6 71.3 74.9 78.1 81.3 83.7 85.9 87.9 89.1 90.3 91.2 92.0 92.5 93.4 93.8 94.5 93.6 93.7 94.0 93.9 94.1 94.2 93.5 93.6 94.6 96.7
