Australia Fires/rainfall2.grid
ncols 886
nrows 691
xllcenter 112.0000
yllcenter -44.5000
cellsize 0.0500
nodata_value 99999.90
[rows 574 to 614 of 691, columns 368 to 459 of 886]
7.5 7.9 8.3 8.7 9.1 9.4 9.4 9.4 9.4 9.4 9.4 9.4 9.4 9.4 9.4 9.4 9.4 9.4 9.4 9.4 9.4 9.4 9.4 9.4 9.4 9.4 9.4 9.4 9.4 9.4 9.4 9.4 9.4 9.4 9.4 9.4 9.4 9.4 9.4 9.4 9.4 9.4 9.4 9.4 9.4 9.4 9.4 9.4 9.4 9.4 9.5 9.5 9.5 9.5 9.5 9.5 9.5 9.5 9.6 9.6 9.6 9.6 9.6 9.6 9.7 9.7 9.7 9.7 9.7 9.8 9.8 9.8 9.8 9.8 9.9 9.9 9.9 9.9 10.0 10.0 10.0 10.0 10.1 10.1 10.1 10.1 10.2 10.2 10.2 10.2 10.2 10.3
7.1 7.5 7.9 8.3 8.7 9.1 9.4 9.5 9.5 9.5 9.5 9.4 9.4 9.4 9.4 9.4 9.4 9.4 9.4 9.4 9.4 9.4 9.4 9.4 9.4 9.4 9.4 9.4 9.4 9.4 9.4 9.4 9.4 9.4 9.4 9.4 9.4 9.4 9.4 9.4 9.4 9.4 9.4 9.4 9.4 9.4 9.4 9.5 9.5 9.5 9.5 9.5 9.5 9.5 9.5 9.5 9.6 9.6 9.6 9.6 9.6 9.6 9.7 9.7 9.7 9.7 9.7 9.8 9.8 9.8 9.8 9.8 9.9 9.9 9.9 9.9 10.0 10.0 10.0 10.0 10.1 10.1 10.1 10.1 10.2 10.2 10.2 10.2 10.3 10.3 10.3 10.3
6.7 7.1 7.5 7.9 8.3 8.7 9.1 9.4 9.5 9.5 9.5 9.5 9.5 9.5 9.5 9.5 9.5 9.5 9.5 9.5 9.5 9.5 9.5 9.4 9.4 9.4 9.4 9.4 9.4 9.4 9.4 9.4 9.4 9.4 9.4 9.4 9.4 9.4 9.4 9.4 9.4 9.4 9.5 9.5 9.5 9.5 9.5 9.5 9.5 9.5 9.5 9.5 9.5 9.6 9.6 9.6 9.6 9.6 9.6 9.6 9.7 9.7 9.7 9.7 9.7 9.8 9.8 9.8 9.8 9.8 9.9 9.9 9.9 9.9 10.0 10.0 10.0 10.0 10.1 10.1 10.1 10.1 10.2 10.2 10.2 10.2 10.3 10.3 10.3 10.4 10.4 10.4
6.4 6.7 7.1 7.5 7.9 8.3 8.7 9.1 9.4 9.5 9.5 9.5 9.5 9.5 9.5 9.5 9.5 9.5 9.5 9.5 9.5 9.5 9.5 9.5 9.5 9.5 9.5 9.5 9.5 9.5 9.5 9.5 9.5 9.5 9.5 9.5 9.5 9.5 9.5 9.5 9.5 9.5 9.5 9.5 9.5 9.5 9.5 9.5 9.5 9.5 9.5 9.6 9.6 9.6 9.6 9.6 9.6 9.6 9.7 9.7 9.7 9.7 9.7 9.8 9.8 9.8 9.8 9.8 9.9 9.9 9.9 9.9 10.0 10.0 10.0 10.0 10.1 10.1 10.1 10.1 10.2 10.2 10.2 10.2 10.3 10.3 10.3 10.4 10.4 10.4 10.4 10.5
6.1 6.4 6.7 7.1 7.5 7.9 8.3 8.7 9.1 9.4 9.5 9.5 9.5 9.5 9.5 9.5 9.5 9.5 9.5 9.5 9.5 9.5 9.5 9.5 9.5 9.5 9.5 9.5 9.5 9.5 9.5 9.5 9.5 9.5 9.5 9.5 9.5 9.5 9.5 9.5 9.5 9.5 9.5 9.5 9.5 9.5 9.5 9.5 9.6 9.6 9.6 9.6 9.6 9.6 9.6 9.6 9.7 9.7 9.7 9.7 9.7 9.7 9.8 9.8 9.8 9.8 9.9 9.9 9.9 9.9 9.9 10.0 10.0 10.0 10.0 10.1 10.1 10.1 10.2 10.2 10.2 10.2 10.3 10.3 10.3 10.4 10.4 10.4 10.5 10.5 10.5 10.5
5.7 6.1 6.4 6.7 7.1 7.5 7.9 8.3 8.7 9.1 9.5 9.5 9.6 9.5 9.5 9.5 9.5 9.5 9.5 9.5 9.5 9.5 9.5 9.5 9.5 9.5 9.5 9.5 9.5 9.5 9.5 9.5 9.5 9.5 9.5 9.5 9.5 9.5 9.5 9.5 9.5 9.5 9.5 9.5 9.5 9.6 9.6 9.6 9.6 9.6 9.6 9.6 9.6 9.6 9.7 9.7 9.7 9.7 9.7 9.7 9.8 9.8 9.8 9.8 9.8 9.9 9.9 9.9 9.9 10.0 10.0 10.0 10.0 10.1 10.1 10.1 10.1 10.2 10.2 10.2 10.3 10.3 10.3 10.4 10.4 10.4 10.4 10.5 10.5 10.5 10.6 10.6
5.4 5.7 6.0 6.4 6.7 7.1 7.5 7.9 8.3 8.7 9.1 9.5 9.6 9.6 9.6 9.6 9.6 9.6 9.6 9.6 9.6 9.6 9.5 9.5 9.5 9.5 9.5 9.5 9.5 9.5 9.5 9.5 9.5 9.5 9.5 9.5 9.5 9.5 9.5 9.5 9.5 9.6 9.6 9.6 9.6 9.6 9.6 9.6 9.6 9.6 9.6 9.6 9.7 9.7 9.7 9.7 9.7 9.7 9.8 9.8 9.8 9.8 9.8 9.9 9.9 9.9 9.9 10.0 10.0 10.0 10.0 10.1 10.1 10.1 10.1 10.2 10.2 10.2 10.3 10.3 10.3 10.3 10.4 10.4 10.4 10.5 10.5 10.5 10.6 10.6 10.6 10.7
5.1 5.4 5.7 6.0 6.4 6.7 7.1 7.4 7.8 8.3 8.7 9.1 9.5 9.6 9.6 9.6 9.6 9.6 9.6 9.6 9.6 9.6 9.6 9.6 9.6 9.6 9.6 9.6 9.6 9.6 9.6 9.6 9.6 9.6 9.6 9.6 9.6 9.6 9.6 9.6 9.6 9.6 9.6 9.6 9.6 9.6 9.6 9.6 9.6 9.7 9.7 9.7 9.7 9.7 9.7 9.7 9.8 9.8 9.8 9.8 9.8 9.9 9.9 9.9 9.9 9.9 10.0 10.0 10.0 10.0 10.1 10.1 10.1 10.2 10.2 10.2 10.2 10.3 10.3 10.3 10.4 10.4 10.4 10.5 10.5 10.5 10.6 10.6 10.6 10.7 10.7 10.7
4.9 5.1 5.4 5.7 6.0 6.3 6.7 7.0 7.4 7.8 8.2 8.7 9.1 9.5 9.6 9.6 9.6 9.6 9.6 9.6 9.6 9.6 9.6 9.6 9.6 9.6 9.6 9.6 9.6 9.6 9.6 9.6 9.6 9.6 9.6 9.6 9.6 9.6 9.6 9.6 9.6 9.6 9.6 9.6 9.6 9.6 9.6 9.7 9.7 9.7 9.7 9.7 9.7 9.7 9.8 9.8 9.8 9.8 9.8 9.8 9.9 9.9 9.9 9.9 10.0 10.0 10.0 10.0 10.1 10.1 10.1 10.1 10.2 10.2 10.2 10.3 10.3 10.3 10.3 10.4 10.4 10.4 10.5 10.5 10.5 10.6 10.6 10.7 10.7 10.7 10.8 10.8
4.6 4.9 5.1 5.4 5.7 6.0 6.3 6.7 7.0 7.4 7.8 8.2 8.6 9.1 9.4 9.6 9.6 9.6 9.6 9.6 9.6 9.6 9.6 9.6 9.6 9.6 9.6 9.6 9.6 9.6 9.6 9.6 9.6 9.6 9.6 9.6 9.6 9.6 9.6 9.6 9.6 9.6 9.6 9.6 9.6 9.7 9.7 9.7 9.7 9.7 9.7 9.7 9.7 9.8 9.8 9.8 9.8 9.8 9.9 9.9 9.9 9.9 9.9 10.0 10.0 10.0 10.0 10.1 10.1 10.1 10.1 10.2 10.2 10.2 10.3 10.3 10.3 10.4 10.4 10.4 10.5 10.5 10.5 10.6 10.6 10.6 10.7 10.7 10.8 10.8 10.8 10.9
4.4 4.6 4.8 5.1 5.4 5.7 6.0 6.3 6.6 7.0 7.4 7.8 8.2 8.6 9.0 9.4 9.6 9.7 9.7 9.7 9.6 9.6 9.6 9.6 9.6 9.6 9.6 9.6 9.6 9.6 9.6 9.6 9.6 9.6 9.6 9.6 9.6 9.6 9.6 9.6 9.6 9.7 9.7 9.7 9.7 9.7 9.7 9.7 9.7 9.7 9.7 9.8 9.8 9.8 9.8 9.8 9.8 9.9 9.9 9.9 9.9 10.0 10.0 10.0 10.0 10.1 10.1 10.1 10.1 10.2 10.2 10.2 10.2 10.3 10.3 10.3 10.4 10.4 10.4 10.5 10.5 10.5 10.6 10.6 10.7 10.7 10.7 10.8 10.8 10.8 10.9 10.9
4.1 4.3 4.6 4.8 5.1 5.4 5.7 6.0 6.3 6.6 7.0 7.3 7.7 8.1 8.5 9.0 9.4 9.6 9.7 9.7 9.7 9.7 9.7 9.7 9.7 9.7 9.7 9.7 9.7 9.6 9.6 9.6 9.6 9.6 9.6 9.6 9.6 9.7 9.7 9.7 9.7 9.7 9.7 9.7 9.7 9.7 9.7 9.7 9.7 9.8 9.8 9.8 9.8 9.8 9.8 9.9 9.9 9.9 9.9 9.9 10.0 10.0 10.0 10.0 10.1 10.1 10.1 10.1 10.2 10.2 10.2 10.3 10.3 10.3 10.4 10.4 10.4 10.5 10.5 10.5 10.6 10.6 10.6 10.7 10.7 10.7 10.8 10.8 10.9 10.9 10.9 11.0
3.9 4.1 4.3 4.6 4.8 5.1 5.3 5.6 5.9 6.2 6.6 6.9 7.3 7.7 8.1 8.5 8.9 9.3 9.6 9.7 9.7 9.7 9.7 9.7 9.7 9.7 9.7 9.7 9.7 9.7 9.7 9.7 9.7 9.7 9.7 9.7 9.7 9.7 9.7 9.7 9.7 9.7 9.7 9.7 9.7 9.7 9.7 9.8 9.8 9.8 9.8 9.8 9.8 9.9 9.9 9.9 9.9 9.9 10.0 10.0 10.0 10.0 10.0 10.1 10.1 10.1 10.1 10.2 10.2 10.2 10.3 10.3 10.3 10.4 10.4 10.4 10.5 10.5 10.5 10.6 10.6 10.6 10.7 10.7 10.8 10.8 10.8 10.9 10.9 11.0 11.0 11.0
3.7 3.9 4.1 4.3 4.5 4.8 5.0 5.3 5.6 5.9 6.2 6.5 6.9 7.3 7.6 8.0 8.4 8.9 9.3 9.6 9.7 9.7 9.7 9.7 9.7 9.7 9.7 9.7 9.7 9.7 9.7 9.7 9.7 9.7 9.7 9.7 9.7 9.7 9.7 9.7 9.7 9.7 9.7 9.7 9.8 9.8 9.8 9.8 9.8 9.8 9.8 9.8 9.9 9.9 9.9 9.9 9.9 10.0 10.0 10.0 10.0 10.1 10.1 10.1 10.1 10.2 10.2 10.2 10.2 10.3 10.3 10.3 10.4 10.4 10.4 10.5 10.5 10.5 10.6 10.6 10.7 10.7 10.7 10.8 10.8 10.9 10.9 10.9 11.0 11.0 11.1 11.1
3.5 3.6 3.8 4.1 4.3 4.5 4.8 5.0 5.3 5.6 5.9 6.2 6.5 6.9 7.2 7.6 8.0 8.4 8.8 9.3 9.6 9.7 9.7 9.7 9.7 9.7 9.7 9.7 9.7 9.7 9.7 9.7 9.7 9.7 9.7 9.7 9.7 9.7 9.7 9.7 9.7 9.7 9.8 9.8 9.8 9.8 9.8 9.8 9.8 9.8 9.9 9.9 9.9 9.9 9.9 10.0 10.0 10.0 10.0 10.0 10.1 10.1 10.1 10.1 10.2 10.2 10.2 10.3 10.3 10.3 10.3 10.4 10.4 10.4 10.5 10.5 10.6 10.6 10.6 10.7 10.7 10.7 10.8 10.8 10.9 10.9 10.9 11.0 11.0 11.1 11.1 11.2
3.3 3.4 3.6 3.8 4.0 4.3 4.5 4.7 5.0 5.3 5.5 5.8 6.1 6.5 6.8 7.2 7.5 7.9 8.3 8.8 9.2 9.6 9.7 9.7 9.7 9.7 9.7 9.7 9.7 9.7 9.7 9.7 9.7 9.7 9.7 9.7 9.7 9.7 9.7 9.8 9.8 9.8 9.8 9.8 9.8 9.8 9.8 9.8 9.9 9.9 9.9 9.9 9.9 9.9 10.0 10.0 10.0 10.0 10.0 10.1 10.1 10.1 10.1 10.2 10.2 10.2 10.3 10.3 10.3 10.4 10.4 10.4 10.5 10.5 10.5 10.6 10.6 10.6 10.7 10.7 10.7 10.8 10.8 10.9 10.9 11.0 11.0 11.0 11.1 11.1 11.2 11.2
3.1 3.2 3.4 3.6 3.8 4.0 4.2 4.5 4.7 5.0 5.2 5.5 5.8 6.1 6.4 6.8 7.1 7.5 7.9 8.3 8.7 9.1 9.5 9.7 9.8 9.8 9.8 9.8 9.8 9.8 9.8 9.8 9.7 9.8 9.8 9.8 9.8 9.8 9.8 9.8 9.8 9.8 9.8 9.8 9.8 9.8 9.9 9.9 9.9 9.9 9.9 9.9 10.0 10.0 10.0 10.0 10.0 10.1 10.1 10.1 10.1 10.2 10.2 10.2 10.2 10.3 10.3 10.3 10.4 10.4 10.4 10.5 10.5 10.5 10.6 10.6 10.6 10.7 10.7 10.8 10.8 10.8 10.9 10.9 11.0 11.0 11.1 11.1 11.1 11.2 11.2 11.3
2.9 3.1 3.2 3.4 3.6 3.8 4.0 4.2 4.4 4.7 4.9 5.2 5.5 5.7 6.1 6.4 6.7 7.0 7.4 7.8 8.2 8.6 9.0 9.4 9.7 9.8 9.8 9.8 9.8 9.8 9.8 9.8 9.8 9.8 9.8 9.8 9.8 9.8 9.8 9.8 9.8 9.8 9.8 9.8 9.9 9.9 9.9 9.9 9.9 9.9 9.9 10.0 10.0 10.0 10.0 10.0 10.1 10.1 10.1 10.1 10.2 10.2 10.2 10.2 10.3 10.3 10.3 10.4 10.4 10.4 10.5 10.5 10.5 10.6 10.6 10.6 10.7 10.7 10.8 10.8 10.8 10.9 10.9 11.0 11.0 11.1 11.1 11.2 11.2 11.3 11.3 11.3
2.7 2.9 3.0 3.2 3.4 3.6 3.8 4.0 4.2 4.4 4.6 4.9 5.1 5.4 5.7 6.0 6.3 6.6 7.0 7.3 7.7 8.1 8.5 9.0 9.4 9.7 9.8 9.8 9.8 9.8 9.8 9.8 9.8 9.8 9.8 9.8 9.8 9.8 9.8 9.8 9.8 9.8 9.9 9.9 9.9 9.9 9.9 9.9 9.9 10.0 10.0 10.0 10.0 10.0 10.0 10.1 10.1 10.1 10.1 10.2 10.2 10.2 10.2 10.3 10.3 10.3 10.4 10.4 10.4 10.5 10.5 10.5 10.6 10.6 10.6 10.7 10.7 10.8 10.8 10.8 10.9 10.9 11.0 11.0 11.1 11.1 11.2 11.2 11.3 11.3 11.4 11.4
2.6 2.7 2.8 3.0 3.2 3.3 3.5 3.7 3.9 4.1 4.4 4.6 4.8 5.1 5.4 5.7 5.9 6.3 6.6 6.9 7.3 7.6 8.0 8.4 8.9 9.3 9.6 9.8 9.8 9.8 9.8 9.8 9.8 9.8 9.8 9.8 9.8 9.8 9.8 9.8 9.9 9.9 9.9 9.9 9.9 9.9 9.9 9.9 10.0 10.0 10.0 10.0 10.0 10.1 10.1 10.1 10.1 10.1 10.2 10.2 10.2 10.3 10.3 10.3 10.3 10.4 10.4 10.4 10.5 10.5 10.5 10.6 10.6 10.6 10.7 10.7 10.8 10.8 10.9 10.9 10.9 11.0 11.0 11.1 11.1 11.2 11.2 11.3 11.3 11.4 11.4 11.5
2.4 2.5 2.7 2.8 3.0 3.1 3.3 3.5 3.7 3.9 4.1 4.3 4.6 4.8 5.1 5.3 5.6 5.9 6.2 6.5 6.9 7.2 7.6 8.0 8.4 8.8 9.2 9.6 9.8 9.8 9.8 9.8 9.8 9.8 9.8 9.8 9.8 9.9 9.9 9.9 9.9 9.9 9.9 9.9 9.9 9.9 10.0 10.0 10.0 10.0 10.0 10.0 10.1 10.1 10.1 10.1 10.2 10.2 10.2 10.2 10.3 10.3 10.3 10.3 10.4 10.4 10.4 10.5 10.5 10.5 10.6 10.6 10.7 10.7 10.7 10.8 10.8 10.9 10.9 10.9 11.0 11.0 11.1 11.1 11.2 11.2 11.3 11.3 11.4 11.4 11.5 11.5
2.3 2.4 2.5 2.7 2.8 3.0 3.1 3.3 3.5 3.7 3.9 4.1 4.3 4.5 4.8 5.0 5.3 5.5 5.8 6.1 6.4 6.8 7.1 7.5 7.9 8.3 8.7 9.1 9.5 9.8 9.8 9.9 9.8 9.9 9.9 9.9 9.9 9.9 9.9 9.9 9.9 9.9 9.9 9.9 9.9 10.0 10.0 10.0 10.0 10.0 10.0 10.1 10.1 10.1 10.1 10.2 10.2 10.2 10.2 10.3 10.3 10.3 10.3 10.4 10.4 10.4 10.5 10.5 10.5 10.6 10.6 10.7 10.7 10.7 10.8 10.8 10.9 10.9 10.9 11.0 11.0 11.1 11.1 11.2 11.2 11.3 11.3 11.4 11.4 11.5 11.5 11.6
2.1 2.2 2.4 2.5 2.6 2.8 2.9 3.1 3.3 3.4 3.6 3.8 4.0 4.2 4.5 4.7 5.0 5.2 5.5 5.8 6.1 6.4 6.7 7.0 7.4 7.8 8.2 8.6 9.0 9.4 9.7 9.8 9.9 9.9 9.9 9.9 9.9 9.9 9.9 9.9 9.9 9.9 9.9 10.0 10.0 10.0 10.0 10.0 10.0 10.1 10.1 10.1 10.1 10.1 10.2 10.2 10.2 10.2 10.3 10.3 10.3 10.3 10.4 10.4 10.4 10.5 10.5 10.5 10.6 10.6 10.7 10.7 10.7 10.8 10.8 10.9 10.9 10.9 11.0 11.0 11.1 11.1 11.2 11.2 11.3 11.3 11.4 11.4 11.5 11.5 11.6 11.6
2.0 2.1 2.2 2.3 2.5 2.6 2.8 2.9 3.1 3.2 3.4 3.6 3.8 4.0 4.2 4.4 4.7 4.9 5.2 5.4 5.7 6.0 6.3 6.6 7.0 7.3 7.7 8.1 8.5 8.9 9.3 9.7 9.8 9.9 9.9 9.9 9.9 9.9 9.9 9.9 9.9 10.0 10.0 10.0 10.0 10.0 10.0 10.0 10.1 10.1 10.1 10.1 10.1 10.2 10.2 10.2 10.2 10.3 10.3 10.3 10.4 10.4 10.4 10.4 10.5 10.5 10.5 10.6 10.6 10.7 10.7 10.7 10.8 10.8 10.9 10.9 10.9 11.0 11.0 11.1 11.1 11.2 11.2 11.3 11.3 11.4 11.4 11.5 11.5 11.6 11.6 11.7
1.9 2.0 2.1 2.2 2.3 2.4 2.6 2.7 2.9 3.0 3.2 3.4 3.6 3.7 3.9 4.2 4.4 4.6 4.8 5.1 5.4 5.6 5.9 6.2 6.5 6.9 7.2 7.6 8.0 8.4 8.8 9.2 9.6 9.8 9.9 9.9 9.9 9.9 9.9 10.0 10.0 10.0 10.0 10.0 10.0 10.0 10.0 10.1 10.1 10.1 10.1 10.1 10.2 10.2 10.2 10.2 10.3 10.3 10.3 10.4 10.4 10.4 10.4 10.5 10.5 10.5 10.6 10.6 10.7 10.7 10.7 10.8 10.8 10.9 10.9 10.9 11.0 11.0 11.1 11.1 11.2 11.2 11.3 11.3 11.4 11.4 11.5 11.5 11.6 11.6 11.7 11.8
1.7 1.8 2.0 2.1 2.2 2.3 2.4 2.6 2.7 2.8 3.0 3.2 3.3 3.5 3.7 3.9 4.1 4.3 4.5 4.8 5.0 5.3 5.6 5.9 6.1 6.5 6.8 7.1 7.5 7.8 8.2 8.6 9.1 9.5 9.8 9.9 9.9 10.0 10.0 10.0 10.0 10.0 10.0 10.0 10.0 10.1 10.1 10.1 10.1 10.1 10.2 10.2 10.2 10.2 10.2 10.3 10.3 10.3 10.4 10.4 10.4 10.4 10.5 10.5 10.5 10.6 10.6 10.7 10.7 10.7 10.8 10.8 10.9 10.9 10.9 11.0 11.0 11.1 11.1 11.2 11.2 11.3 11.3 11.4 11.4 11.5 11.5 11.6 11.6 11.7 11.8 11.8
1.6 1.7 1.8 1.9 2.0 2.2 2.3 2.4 2.5 2.7 2.8 3.0 3.1 3.3 3.5 3.7 3.9 4.1 4.3 4.5 4.7 5.0 5.2 5.5 5.8 6.1 6.4 6.7 7.0 7.4 7.7 8.1 8.5 8.9 9.4 9.7 9.9 10.0 10.0 10.0 10.0 10.0 10.0 10.0 10.1 10.1 10.1 10.1 10.1 10.2 10.2 10.2 10.2 10.2 10.3 10.3 10.3 10.4 10.4 10.4 10.4 10.5 10.5 10.5 10.6 10.6 10.7 10.7 10.7 10.8 10.8 10.9 10.9 10.9 11.0 11.0 11.1 11.1 11.2 11.2 11.3 11.3 11.4 11.4 11.5 11.5 11.6 11.6 11.7 11.8 11.8 11.9
1.5 1.6 1.7 1.8 1.9 2.0 2.1 2.2 2.4 2.5 2.6 2.8 2.9 3.1 3.3 3.4 3.6 3.8 4.0 4.2 4.4 4.7 4.9 5.2 5.4 5.7 6.0 6.3 6.6 6.9 7.3 7.6 8.0 8.4 8.8 9.2 9.6 9.9 10.0 10.0 10.0 10.0 10.1 10.1 10.1 10.1 10.1 10.1 10.2 10.2 10.2 10.2 10.2 10.3 10.3 10.3 10.4 10.4 10.4 10.4 10.5 10.5 10.5 10.6 10.6 10.7 10.7 10.7 10.8 10.8 10.8 10.9 10.9 11.0 11.0 11.1 11.1 11.2 11.2 11.3 11.3 11.4 11.4 11.5 11.5 11.6 11.6 11.7 11.8 11.8 11.9 11.9
1.4 1.5 1.6 1.7 1.8 1.9 2.0 2.1 2.2 2.3 2.5 2.6 2.7 2.9 3.1 3.2 3.4 3.6 3.8 4.0 4.2 4.4 4.6 4.8 5.1 5.3 5.6 5.9 6.2 6.5 6.8 7.2 7.5 7.9 8.3 8.7 9.1 9.5 9.9 10.0 10.0 10.1 10.1 10.1 10.1 10.1 10.1 10.2 10.2 10.2 10.2 10.3 10.3 10.3 10.3 10.4 10.4 10.4 10.4 10.5 10.5 10.5 10.6 10.6 10.6 10.7 10.7 10.8 10.8 10.8 10.9 10.9 11.0 11.0 11.1 11.1 11.2 11.2 11.3 11.3 11.4 11.4 11.5 11.5 11.6 11.6 11.7 11.8 11.8 11.9 11.9 12.0
1.3 1.4 1.5 1.6 1.7 1.8 1.9 2.0 2.1 2.2 2.3 2.4 2.6 2.7 2.9 3.0 3.2 3.3 3.5 3.7 3.9 4.1 4.3 4.5 4.8 5.0 5.3 5.5 5.8 6.1 6.4 6.7 7.0 7.4 7.8 8.1 8.6 9.0 9.4 9.8 10.0 10.1 10.1 10.1 10.1 10.1 10.2 10.2 10.2 10.2 10.3 10.3 10.3 10.3 10.4 10.4 10.4 10.4 10.5 10.5 10.5 10.6 10.6 10.6 10.7 10.7 10.8 10.8 10.8 10.9 10.9 11.0 11.0 11.1 11.1 11.2 11.2 11.3 11.3 11.4 11.4 11.5 11.5 11.6 11.6 11.7 11.8 11.8 11.9 11.9 12.0 12.1
1.3 1.3 1.4 1.5 1.6 1.7 1.7 1.8 1.9 2.1 2.2 2.3 2.4 2.5 2.7 2.8 3.0 3.1 3.3 3.5 3.6 3.8 4.0 4.2 4.5 4.7 4.9 5.2 5.4 5.7 6.0 6.3 6.6 6.9 7.3 7.6 8.0 8.4 8.8 9.3 9.7 10.0 10.1 10.1 10.2 10.2 10.2 10.2 10.2 10.3 10.3 10.3 10.3 10.4 10.4 10.4 10.4 10.5 10.5 10.5 10.6 10.6 10.6 10.7 10.7 10.8 10.8 10.8 10.9 10.9 11.0 11.0 11.1 11.1 11.1 11.2 11.2 11.3 11.4 11.4 11.5 11.5 11.6 11.6 11.7 11.7 11.8 11.9 11.9 12.0 12.1 12.1
1.2 1.2 1.3 1.4 1.5 1.5 1.6 1.7 1.8 1.9 2.0 2.1 2.3 2.4 2.5 2.6 2.8 2.9 3.1 3.2 3.4 3.6 3.8 4.0 4.2 4.4 4.6 4.9 5.1 5.4 5.6 5.9 6.2 6.5 6.8 7.2 7.5 7.9 8.3 8.7 9.1 9.6 9.9 10.1 10.2 10.2 10.2 10.2 10.3 10.3 10.3 10.3 10.4 10.4 10.4 10.4 10.5 10.5 10.5 10.6 10.6 10.6 10.7 10.7 10.7 10.8 10.8 10.9 10.9 11.0 11.0 11.0 11.1 11.1 11.2 11.2 11.3 11.3 11.4 11.5 11.5 11.6 11.6 11.7 11.7 11.8 11.9 11.9 12.0 12.1 12.1 12.2
1.1 1.2 1.2 1.3 1.4 1.4 1.5 1.6 1.7 1.8 1.9 2.0 2.1 2.2 2.3 2.5 2.6 2.7 2.9 3.0 3.2 3.4 3.5 3.7 3.9 4.1 4.3 4.5 4.8 5.0 5.3 5.5 5.8 6.1 6.4 6.7 7.1 7.4 7.8 8.2 8.6 9.0 9.4 9.8 10.1 10.2 10.2 10.3 10.3 10.3 10.3 10.4 10.4 10.4 10.4 10.5 10.5 10.5 10.6 10.6 10.6 10.7 10.7 10.7 10.8 10.8 10.9 10.9 11.0 11.0 11.0 11.1 11.1 11.2 11.2 11.3 11.3 11.4 11.4 11.5 11.6 11.6 11.7 11.7 11.8 11.9 11.9 12.0 12.0 12.1 12.2 12.2
1.0 1.1 1.1 1.2 1.3 1.3 1.4 1.5 1.6 1.7 1.8 1.9 2.0 2.1 2.2 2.3 2.4 2.6 2.7 2.8 3.0 3.1 3.3 3.5 3.7 3.9 4.0 4.3 4.5 4.7 4.9 5.2 5.4 5.7 6.0 6.3 6.6 6.9 7.3 7.6 8.0 8.4 8.8 9.3 9.7 10.1 10.2 10.3 10.3 10.3 10.4 10.4 10.4 10.4 10.5 10.5 10.5 10.6 10.6 10.6 10.7 10.7 10.7 10.8 10.8 10.9 10.9 10.9 11.0 11.0 11.1 11.1 11.2 11.2 11.3 11.3 11.4 11.4 11.5 11.5 11.6 11.7 11.7 11.8 11.8 11.9 12.0 12.0 12.1 12.2 12.2 12.3
0.9 1.0 1.1 1.1 1.2 1.3 1.3 1.4 1.5 1.6 1.6 1.7 1.8 1.9 2.0 2.2 2.3 2.4 2.5 2.7 2.8 2.9 3.1 3.3 3.4 3.6 3.8 4.0 4.2 4.4 4.6 4.8 5.1 5.3 5.6 5.9 6.2 6.5 6.8 7.2 7.5 7.9 8.3 8.7 9.1 9.6 9.9 10.2 10.3 10.4 10.4 10.4 10.4 10.5 10.5 10.5 10.6 10.6 10.6 10.7 10.7 10.7 10.8 10.8 10.9 10.9 10.9 11.0 11.0 11.1 11.1 11.2 11.2 11.3 11.3 11.4 11.4 11.5 11.5 11.6 11.7 11.7 11.8 11.8 11.9 12.0 12.0 12.1 12.2 12.2 12.3 12.4
0.9 0.9 1.0 1.0 1.1 1.2 1.2 1.3 1.4 1.5 1.5 1.6 1.7 1.8 1.9 2.0 2.1 2.2 2.4 2.5 2.6 2.7 2.9 3.0 3.2 3.4 3.5 3.7 3.9 4.1 4.3 4.5 4.8 5.0 5.3 5.5 5.8 6.1 6.4 6.7 7.0 7.4 7.8 8.1 8.5 9.0 9.4 9.8 10.2 10.3 10.4 10.4 10.5 10.5 10.5 10.6 10.6 10.6 10.7 10.7 10.7 10.8 10.8 10.8 10.9 10.9 11.0 11.0 11.1 11.1 11.2 11.2 11.3 11.3 11.4 11.4 11.5 11.5 11.6 11.6 11.7 11.8 11.8 11.9 12.0 12.0 12.1 12.2 12.2 12.3 12.4 12.4
0.8 0.9 0.9 1.0 1.0 1.1 1.2 1.2 1.3 1.4 1.4 1.5 1.6 1.7 1.8 1.9 2.0 2.1 2.2 2.3 2.4 2.6 2.7 2.8 3.0 3.1 3.3 3.5 3.7 3.8 4.0 4.2 4.4 4.7 4.9 5.2 5.4 5.7 6.0 6.3 6.6 6.9 7.3 7.6 8.0 8.4 8.8 9.2 9.7 10.1 10.3 10.4 10.5 10.5 10.5 10.6 10.6 10.6 10.7 10.7 10.8 10.8 10.8 10.9 10.9 11.0 11.0 11.1 11.1 11.1 11.2 11.2 11.3 11.4 11.4 11.5 11.5 11.6 11.6 11.7 11.7 11.8 11.9 11.9 12.0 12.1 12.1 12.2 12.3 12.4 12.4 12.5
0.8 0.8 0.9 0.9 1.0 1.0 1.1 1.1 1.2 1.3 1.3 1.4 1.5 1.6 1.7 1.7 1.8 1.9 2.0 2.2 2.3 2.4 2.5 2.7 2.8 2.9 3.1 3.2 3.4 3.6 3.8 4.0 4.2 4.4 4.6 4.8 5.1 5.3 5.6 5.9 6.2 6.5 6.8 7.1 7.5 7.9 8.3 8.7 9.1 9.5 10.0 10.3 10.5 10.5 10.6 10.6 10.6 10.7 10.7 10.8 10.8 10.8 10.9 10.9 11.0 11.0 11.0 11.1 11.1 11.2 11.2 11.3 11.3 11.4 11.4 11.5 11.6 11.6 11.7 11.7 11.8 11.9 11.9 12.0 12.1 12.1 12.2 12.3 12.3 12.4 12.5 12.6
0.7 0.7 0.8 0.8 0.9 0.9 1.0 1.1 1.1 1.2 1.2 1.3 1.4 1.5 1.5 1.6 1.7 1.8 1.9 2.0 2.1 2.2 2.4 2.5 2.6 2.7 2.9 3.0 3.2 3.3 3.5 3.7 3.9 4.1 4.3 4.5 4.7 5.0 5.2 5.5 5.8 6.1 6.4 6.7 7.0 7.4 7.7 8.1 8.5 8.9 9.4 9.8 10.2 10.5 10.6 10.6 10.7 10.7 10.7 10.8 10.8 10.9 10.9 10.9 11.0 11.0 11.1 11.1 11.2 11.2 11.3 11.3 11.4 11.4 11.5 11.5 11.6 11.7 11.7 11.8 11.9 11.9 12.0 12.0 12.1 12.2 12.3 12.3 12.4 12.5 12.6 12.6
0.7 0.7 0.7 0.8 0.8 0.9 0.9 1.0 1.0 1.1 1.2 1.2 1.3 1.4 1.4 1.5 1.6 1.7 1.8 1.9 2.0 2.1 2.2 2.3 2.4 2.6 2.7 2.8 3.0 3.1 3.3 3.5 3.6 3.8 4.0 4.2 4.4 4.7 4.9 5.1 5.4 5.7 6.0 6.3 6.6 6.9 7.2 7.6 8.0 8.4 8.8 9.2 9.7 10.1 10.5 10.6 10.7 10.7 10.8 10.8 10.9 10.9 10.9 11.0 11.0 11.1 11.1 11.2 11.2 11.3 11.3 11.4 11.4 11.5 11.5 11.6 11.7 11.7 11.8 11.8 11.9 12.0 12.0 12.1 12.2 12.2 12.3 12.4 12.5 12.5 12.6 12.7
0.6 0.6 0.7 0.7 0.8 0.8 0.9 0.9 1.0 1.0 1.1 1.1 1.2 1.3 1.3 1.4 1.5 1.6 1.7 1.7 1.8 1.9 2.0 2.2 2.3 2.4 2.5 2.6 2.8 2.9 3.1 3.2 3.4 3.6 3.7 3.9 4.1 4.3 4.6 4.8 5.0 5.3 5.6 5.8 6.1 6.4 6.8 7.1 7.5 7.8 8.2 8.6 9.0 9.5 9.9 10.4 10.6 10.7 10.8 10.8 10.9 10.9 11.0 11.0 11.1 11.1 11.2 11.2 11.3 11.3 11.4 11.4 11.5 11.5 11.6 11.6 11.7 11.8 11.8 11.9 12.0 12.0 12.1 12.2 12.2 12.3 12.4 12.4 12.5 12.6 12.7 12.8
