Australia Fires/rainfall.grid
ncols 886
nrows 691
xllcenter 112.0000
yllcenter -44.5000
cellsize 0.0500
nodata_value 99999.90
[rows 287 to 327 of 691, columns 276 to 367 of 886]
9.2 9.2 9.4 9.3 9.6 9.4 9.3 9.4 9.2 9.0 9.1 9.3 9.3 9.2 9.2 9.2 8.9 8.8 8.7 8.4 8.1 8.0 7.8 7.4 7.1 7.0 6.8 6.8 6.6 6.4 6.3 6.0 5.9 5.7 5.6 5.3 5.0 4.8 4.6 4.4 4.3 4.1 3.9 3.7 3.6 3.4 3.2 3.1 3.0 2.9 2.9 2.9 2.6 2.5 2.4 2.3 2.3 2.2 2.2 2.2 2.2 2.1 2.1 2.1 2.1 2.1 2.1 2.1 2.2 2.2 2.2 2.2 2.2 2.3 2.3 2.3 2.4 2.5 2.5 2.6 2.6 2.7 2.7 2.8 2.8 2.9 2.9 3.0 3.0 3.1 3.1 3.2
9.3 9.3 9.4 9.4 9.8 9.8 9.6 9.4 9.3 9.2 9.3 9.3 9.4 9.4 9.3 9.0 8.9 8.9 8.7 8.6 8.4 8.0 7.8 7.5 7.2 7.0 6.9 6.8 6.5 6.5 6.4 6.3 6.0 5.7 5.6 5.4 5.1 4.8 4.6 4.4 4.3 4.2 4.0 3.7 3.5 3.4 3.2 3.1 3.0 2.9 2.9 2.8 2.7 2.5 2.4 2.3 2.3 2.3 2.2 2.2 2.2 2.2 2.2 2.2 2.2 2.2 2.2 2.2 2.2 2.3 2.3 2.3 2.3 2.3 2.4 2.4 2.5 2.5 2.6 2.6 2.7 2.7 2.8 2.8 2.9 2.9 2.9 2.9 3.0 3.0 3.0 3.0
9.2 9.6 9.5 9.7 9.8 9.8 9.6 9.5 9.5 9.6 9.6 9.6 9.4 9.5 9.4 9.3 9.1 8.9 8.8 8.7 8.5 8.2 7.9 7.6 7.3 7.1 6.9 6.8 6.6 6.5 6.4 6.3 6.0 5.8 5.7 5.3 5.1 4.9 4.7 4.6 4.4 4.1 3.9 3.7 3.5 3.4 3.2 3.1 3.0 2.9 2.8 2.7 2.6 2.5 2.4 2.3 2.3 2.3 2.2 2.2 2.2 2.2 2.2 2.2 2.2 2.3 2.3 2.3 2.3 2.3 2.4 2.4 2.4 2.4 2.5 2.5 2.5 2.6 2.6 2.7 2.7 2.7 2.8 2.8 2.9 2.9 2.9 2.9 2.9 2.9 2.9 2.9
9.4 9.6 9.7 9.8 9.8 9.9 9.8 9.8 9.8 9.8 9.8 9.8 9.7 9.5 9.4 9.3 9.3 9.0 9.0 8.8 8.6 8.4 8.1 7.8 7.5 7.3 7.0 6.8 6.7 6.5 6.4 6.3 6.0 6.0 5.7 5.4 5.1 5.0 4.8 4.7 4.5 4.2 3.9 3.7 3.6 3.4 3.2 3.1 2.9 2.8 2.7 2.7 2.7 2.4 2.4 2.3 2.3 2.3 2.3 2.3 2.3 2.3 2.3 2.3 2.3 2.3 2.3 2.4 2.4 2.4 2.4 2.5 2.5 2.5 2.5 2.6 2.6 2.6 2.7 2.7 2.8 2.8 2.8 2.8 2.9 2.9 2.9 2.9 2.9 2.9 2.9 2.8
9.7 9.9 10.1 10.1 10.0 10.0 10.0 10.0 10.0 9.9 10.0 10.0 9.9 9.6 9.5 9.5 9.3 9.1 9.0 8.9 8.7 8.5 8.1 7.9 7.9 7.6 7.3 7.0 6.7 6.5 6.5 6.3 6.2 6.0 5.7 5.4 5.3 5.1 4.8 4.7 4.5 4.2 3.9 3.8 3.6 3.4 3.2 3.1 3.0 2.9 2.8 2.6 2.5 2.4 2.4 2.3 2.3 2.3 2.3 2.3 2.3 2.3 2.3 2.3 2.4 2.4 2.4 2.4 2.5 2.5 2.5 2.5 2.5 2.6 2.6 2.6 2.7 2.7 2.7 2.7 2.8 2.8 2.8 2.9 2.9 2.9 2.9 2.8 2.8 2.8 2.8 2.7
10.0 10.0 10.1 10.3 10.4 10.3 10.2 10.2 10.4 10.2 10.1 10.1 9.9 9.7 9.5 9.6 9.4 9.2 9.0 9.0 8.9 8.6 8.4 8.2 7.9 7.7 7.3 7.1 6.8 6.6 6.4 6.4 6.3 6.0 5.7 5.5 5.3 5.0 4.8 4.7 4.4 4.2 4.0 3.8 3.6 3.5 3.4 3.2 3.3 3.2 2.9 2.7 2.6 2.5 2.4 2.4 2.3 2.3 2.3 2.3 2.3 2.3 2.4 2.4 2.4 2.4 2.5 2.5 2.5 2.6 2.6 2.6 2.6 2.6 2.7 2.7 2.7 2.7 2.8 2.8 2.8 2.9 2.9 2.9 2.9 2.8 2.8 2.8 2.8 2.7 2.7 2.6
10.1 10.3 10.3 10.3 10.5 10.6 10.2 10.1 10.2 10.0 10.0 10.1 10.0 9.8 9.5 9.4 9.3 9.2 9.1 9.0 8.9 8.8 8.5 8.4 8.2 7.8 7.4 7.1 6.9 6.7 6.6 6.5 6.4 6.1 5.7 5.5 5.3 5.1 4.8 4.7 4.4 4.2 4.0 3.9 3.8 3.7 3.5 3.4 3.2 3.1 3.0 2.9 2.8 2.8 2.6 2.5 2.5 2.3 2.3 2.4 2.3 2.3 2.4 2.4 2.5 2.5 2.5 2.6 2.7 2.6 2.7 3.0 2.8 2.8 2.8 2.8 3.2 2.9 3.0 2.9 2.9 2.9 2.9 2.9 2.9 2.8 2.8 2.8 2.7 2.7 2.6 2.5
10.2 10.5 10.4 10.5 10.4 10.3 10.2 10.0 10.0 9.9 9.9 10.0 10.1 10.0 9.8 9.7 9.4 9.4 9.2 9.0 9.1 8.8 8.7 8.3 8.1 8.0 7.6 7.3 7.1 6.9 6.6 6.6 6.4 6.1 5.8 5.6 5.3 5.1 4.9 4.7 4.4 4.2 4.1 4.0 4.0 3.9 3.6 3.5 3.3 3.3 3.2 3.0 3.0 2.8 2.7 2.7 2.6 2.4 2.4 2.4 2.4 2.4 2.4 2.5 2.6 2.6 2.7 2.8 2.7 2.7 2.7 2.7 2.8 2.8 2.8 2.9 2.9 2.9 2.9 2.9 2.9 3.3 3.1 3.0 2.9 2.8 2.8 2.8 2.7 2.6 2.5 2.4
10.2 10.6 10.5 10.4 10.4 10.5 10.2 10.0 10.0 10.0 10.1 10.1 10.2 10.0 9.9 9.8 9.6 9.4 9.3 9.2 9.2 8.9 8.8 8.5 8.1 8.0 7.8 7.6 7.3 6.9 6.7 6.7 6.5 6.1 5.9 5.6 5.6 5.6 5.1 4.9 4.5 4.3 4.2 4.1 4.1 3.9 3.7 3.6 3.5 3.4 3.2 3.1 3.0 2.9 2.8 2.7 2.7 2.7 2.5 2.5 2.4 2.5 2.5 2.6 2.6 2.6 2.7 2.7 2.7 2.8 2.8 2.8 2.8 2.9 2.9 2.9 2.9 2.9 3.0 3.0 3.0 3.0 3.0 2.9 2.9 2.8 2.8 2.7 2.6 2.5 2.4 2.3
10.2 10.4 10.6 10.4 10.4 10.3 10.2 10.0 10.0 10.1 10.2 10.3 10.2 10.1 10.0 9.9 9.7 9.5 9.5 9.3 9.3 9.0 8.7 8.6 8.3 7.9 7.8 7.7 7.3 7.0 6.8 6.8 6.6 6.3 6.0 5.8 5.6 5.3 5.2 5.3 4.8 4.6 4.4 4.3 4.2 4.0 3.8 3.8 3.6 3.5 3.4 3.3 3.2 3.1 2.9 2.8 2.7 2.7 2.6 2.5 2.4 2.5 2.6 2.8 2.7 2.7 2.7 2.9 2.8 2.8 2.9 2.9 3.0 3.0 3.0 3.0 3.0 3.0 3.0 3.0 3.0 3.0 3.0 3.0 2.9 2.8 2.8 2.7 2.6 2.5 2.3 2.2
10.1 10.4 10.6 10.3 10.3 10.2 10.2 10.1 10.0 10.1 10.4 10.5 10.3 10.1 10.1 10.0 9.9 9.6 9.7 9.5 9.4 9.1 8.8 8.7 8.6 8.2 7.8 7.8 7.5 7.1 7.0 6.9 6.6 6.3 6.1 5.8 5.6 5.4 5.2 5.0 4.8 4.8 4.7 4.7 4.5 4.3 4.0 3.9 3.7 3.6 3.5 3.4 3.3 3.3 3.1 3.0 3.1 2.9 2.8 2.7 2.6 2.6 2.7 2.8 2.8 2.8 2.8 2.9 2.9 2.9 3.0 3.1 3.0 3.0 3.0 3.0 3.0 3.1 3.1 3.1 3.1 3.1 3.0 3.0 2.9 2.8 2.8 2.7 2.5 2.4 2.2 2.1
10.0 10.2 10.4 10.3 10.2 10.3 10.1 10.0 10.0 10.2 10.4 10.5 10.5 10.4 10.2 10.1 10.0 9.9 9.7 9.6 9.5 9.2 8.9 8.7 8.6 8.3 7.9 7.7 7.5 7.2 7.1 7.0 6.7 6.4 6.2 5.9 5.7 5.5 5.3 5.0 4.9 4.8 4.7 4.6 4.5 4.4 4.3 4.0 3.9 3.8 3.6 3.6 3.5 3.3 3.2 3.1 3.0 2.9 2.9 2.8 2.7 2.6 2.7 2.8 2.9 2.9 2.9 3.0 3.1 3.0 3.0 3.1 3.2 3.2 3.1 3.1 3.1 3.1 3.1 3.2 3.1 3.1 3.1 3.0 2.9 2.9 2.7 2.6 2.5 2.3 2.2 2.0
9.9 10.1 10.5 10.4 10.3 10.2 10.3 10.0 10.1 10.1 10.4 10.5 10.6 10.5 10.3 10.3 10.1 10.0 9.9 9.7 9.4 9.2 8.9 8.7 8.6 8.2 8.0 7.8 7.6 7.4 7.2 7.0 6.8 6.6 6.4 6.1 6.0 5.7 5.4 5.2 5.0 4.9 4.8 4.6 4.5 4.5 4.7 4.2 4.0 3.9 3.8 3.8 3.7 3.5 3.3 3.2 3.1 3.0 2.9 2.9 2.8 2.7 2.8 3.0 2.9 3.1 3.0 3.1 3.2 3.4 3.3 3.2 3.2 3.3 3.2 3.2 3.2 3.2 3.2 3.2 3.2 3.2 3.1 3.0 3.0 2.9 2.8 2.6 2.5 2.3 2.1 1.9
9.9 10.1 10.3 10.2 10.4 10.4 10.2 10.1 10.1 10.2 10.5 10.6 10.5 10.6 10.6 10.2 9.9 10.0 10.1 9.7 9.5 9.2 8.9 8.6 8.5 8.3 8.1 7.9 7.8 7.6 7.4 7.2 7.0 6.8 6.5 6.3 6.1 5.8 5.5 5.3 5.1 5.0 4.9 4.8 4.7 4.6 4.5 4.6 4.3 4.1 4.0 4.2 4.0 3.6 3.5 3.4 3.2 3.1 3.1 3.0 2.9 2.8 2.9 3.1 3.2 3.2 3.3 3.2 3.4 3.4 3.3 3.3 3.3 3.3 3.6 3.3 3.3 3.3 3.3 3.3 3.3 3.2 3.2 3.1 3.0 2.9 2.8 2.6 2.5 2.3 2.1 1.9
9.9 10.1 10.2 10.3 10.2 10.3 10.3 10.2 10.2 10.3 10.5 10.7 10.5 10.7 10.7 10.2 10.2 10.3 10.2 9.9 9.7 9.3 9.0 8.8 8.6 8.5 8.3 8.1 8.0 7.8 7.6 7.4 7.2 6.9 6.7 6.6 6.3 6.0 5.7 5.5 5.3 5.2 5.1 4.9 4.8 4.7 4.6 4.5 4.3 4.3 4.1 4.0 3.9 3.8 3.6 3.5 3.4 3.3 3.2 3.1 3.1 2.9 3.0 3.3 3.2 3.3 3.3 3.4 3.4 3.4 3.4 3.3 3.4 3.4 3.4 3.5 3.5 3.4 3.4 3.4 3.4 3.3 3.2 3.2 3.1 3.0 2.8 2.7 2.5 2.3 2.1 1.9
9.8 10.1 10.1 10.1 10.2 10.2 10.2 10.2 10.2 10.3 10.5 10.7 10.5 10.6 10.5 10.5 10.4 10.5 10.2 9.9 9.6 9.5 9.2 8.9 8.8 8.6 8.5 8.4 8.2 8.0 7.8 7.6 7.4 7.1 6.9 6.8 6.6 6.2 5.9 5.6 5.4 5.3 5.2 5.1 5.0 4.8 4.7 4.6 4.4 4.3 4.3 4.1 4.0 3.9 3.7 3.6 3.5 3.4 3.3 3.2 3.2 3.1 3.2 3.4 3.3 3.3 3.4 3.4 3.5 3.5 3.6 3.7 3.4 3.6 3.5 3.7 3.6 3.5 3.5 3.5 3.5 3.4 3.3 3.2 3.1 3.0 2.9 2.7 2.5 2.3 2.1 1.9
9.8 9.9 10.0 10.0 10.1 10.2 10.2 10.2 10.3 10.5 10.6 10.7 10.5 10.5 10.7 10.7 10.8 10.7 10.4 10.2 10.1 9.7 9.3 9.1 9.0 8.8 8.8 8.7 8.5 8.3 8.1 7.8 7.6 7.4 7.2 6.9 6.6 6.4 6.1 5.8 5.6 5.5 5.4 5.3 5.3 5.0 4.9 4.7 4.6 4.5 4.4 4.3 4.1 4.0 3.8 3.7 3.6 3.5 3.4 3.3 3.2 3.2 3.2 3.3 3.3 3.4 3.5 3.5 3.6 3.6 3.6 3.6 3.6 3.6 3.7 3.7 3.7 3.6 4.1 3.7 3.6 3.5 3.4 3.4 3.2 3.1 3.0 2.8 2.6 2.4 2.2 1.9
9.7 9.8 10.0 10.1 10.1 10.1 10.2 10.2 10.4 10.6 10.7 10.9 10.7 10.9 10.9 10.9 10.9 10.8 10.6 10.3 10.0 9.8 9.5 9.3 9.2 9.1 9.0 8.9 8.6 8.5 8.3 8.1 7.8 7.6 7.4 7.1 7.0 6.6 6.3 6.0 5.8 5.6 5.5 5.4 5.3 5.1 5.0 4.8 4.6 4.5 4.4 4.3 4.2 4.0 3.9 3.8 3.7 3.6 3.5 3.4 3.4 3.4 3.4 3.4 3.5 3.5 3.6 3.6 3.7 3.7 3.6 3.7 3.7 3.7 3.7 3.7 3.8 3.9 3.8 3.7 3.7 3.7 3.6 3.5 3.3 3.2 3.0 2.9 2.7 2.5 2.3 2.0
9.6 9.9 10.1 10.1 10.1 10.1 10.3 10.6 10.7 10.8 10.9 10.9 10.8 10.9 11.0 11.0 11.0 10.8 10.7 10.3 10.1 9.8 9.7 9.6 9.4 9.3 9.1 9.0 8.9 8.7 8.6 8.4 8.1 7.9 7.8 7.4 7.1 6.9 6.6 6.3 6.0 5.7 5.6 5.4 5.3 5.2 5.0 4.9 4.7 4.6 4.5 4.4 4.2 4.1 4.0 3.9 3.8 3.7 3.6 3.6 3.5 3.5 3.6 3.6 3.7 3.7 3.7 3.8 3.8 3.7 3.7 3.8 3.8 3.8 3.8 3.8 3.9 3.9 3.9 3.8 3.8 3.8 3.7 3.5 3.4 3.3 3.2 3.0 2.8 2.6 2.4 2.2
9.5 9.7 10.0 10.1 10.1 10.2 10.5 10.8 10.8 10.8 10.9 11.0 10.9 11.2 11.1 11.1 11.3 11.2 10.9 10.5 10.2 10.0 9.9 9.8 9.7 9.5 9.4 9.2 9.2 9.0 8.9 8.8 8.4 8.2 8.0 7.7 7.4 7.1 6.8 6.5 6.2 6.0 5.8 5.7 5.4 5.3 5.1 5.0 4.8 4.8 4.7 4.5 4.3 4.2 4.1 4.0 3.9 3.8 3.7 3.6 3.6 3.6 3.7 3.7 3.8 3.8 3.8 3.9 3.9 3.9 3.8 3.8 3.8 3.9 3.9 3.9 4.0 4.0 4.0 4.0 4.0 3.9 3.7 3.6 3.5 3.4 3.3 3.1 2.9 2.7 2.5 2.3
9.4 9.6 9.8 9.9 10.1 10.4 10.6 10.8 10.9 11.0 11.0 11.1 11.1 11.2 11.2 11.3 11.4 11.4 11.1 10.8 10.5 10.3 10.2 10.2 9.9 9.7 9.6 9.5 9.3 9.2 9.0 9.1 8.6 8.4 8.2 8.0 7.7 7.4 7.1 6.7 6.4 6.1 6.0 5.8 5.6 5.4 5.2 5.1 5.0 4.9 4.7 4.6 4.4 4.3 4.2 4.1 4.0 3.9 3.8 3.8 3.8 3.8 3.8 3.9 3.9 3.9 3.9 3.9 4.0 4.0 3.9 3.9 3.9 3.9 4.0 4.0 4.0 4.1 4.1 4.1 4.0 4.0 3.9 3.8 3.7 3.6 3.5 3.2 3.1 2.9 2.7 2.5
9.5 9.6 9.8 10.0 10.2 10.5 10.7 11.0 11.2 11.2 11.3 11.3 11.3 11.2 11.5 11.5 11.5 11.6 11.4 11.1 10.8 10.6 10.5 10.4 10.2 10.1 10.0 9.8 9.6 9.4 9.4 9.2 8.8 8.5 8.4 8.2 7.9 7.6 7.3 6.9 6.6 6.3 6.1 5.9 5.7 5.5 5.3 5.2 5.1 4.9 4.8 4.6 4.5 4.4 4.3 4.2 4.1 4.0 3.9 4.0 4.0 4.0 4.0 4.0 4.0 4.0 4.0 4.0 4.1 4.1 4.0 4.0 4.0 4.0 4.1 4.1 4.1 4.1 4.1 4.2 4.1 4.0 4.0 3.9 3.9 3.8 3.6 3.4 3.3 3.1 2.9 2.7
9.4 9.6 9.8 10.1 10.4 10.6 10.9 11.2 11.4 11.3 11.5 11.5 11.6 11.5 11.6 11.7 11.8 11.7 11.8 11.7 11.2 10.9 10.7 10.5 10.5 10.3 10.3 10.2 10.0 9.7 9.6 9.3 9.0 8.6 8.5 8.3 8.0 7.7 7.4 7.1 6.7 6.4 6.2 6.0 5.8 5.6 5.5 5.3 5.2 5.0 4.9 4.7 4.6 4.5 4.4 4.3 4.2 4.2 4.1 4.1 4.1 4.1 4.1 4.1 4.0 4.0 4.1 4.1 4.1 4.1 4.1 4.0 4.1 4.1 4.2 4.2 4.1 4.2 4.2 4.2 4.2 4.2 4.2 4.1 4.1 4.0 3.8 3.6 3.5 3.3 3.1 2.9
9.4 9.7 10.0 10.2 10.4 10.7 11.1 11.4 11.4 11.4 11.6 11.6 11.7 11.8 11.8 12.0 11.9 12.0 12.1 12.0 11.7 11.3 11.0 10.8 10.8 10.8 10.5 10.3 10.4 9.9 9.7 9.4 9.1 8.8 8.6 8.5 8.1 7.8 7.5 7.2 6.9 6.7 6.4 6.2 6.0 5.8 5.6 5.4 5.3 5.1 5.0 4.8 4.7 4.6 4.5 4.4 4.4 4.3 4.3 4.3 4.3 4.3 4.2 4.2 4.2 4.1 4.1 4.1 4.1 4.1 4.1 4.1 4.1 4.2 4.2 4.2 4.2 4.2 4.3 4.3 4.3 4.3 4.3 4.2 4.1 4.1 4.0 3.8 3.7 3.5 3.4 3.2
9.4 9.7 10.1 10.4 10.7 10.9 11.3 11.4 11.5 11.7 11.8 11.9 11.9 12.1 12.2 12.1 12.3 12.3 12.3 12.3 12.1 11.7 11.3 11.1 11.1 11.0 10.9 10.8 10.5 10.1 9.7 9.4 9.2 8.9 8.7 8.5 8.4 8.0 7.6 7.3 7.1 6.9 6.7 6.5 6.3 6.1 5.9 5.7 5.5 5.3 5.1 5.0 4.9 4.8 4.7 4.6 4.5 4.5 4.5 4.4 4.4 4.4 4.3 4.3 4.3 4.2 4.2 4.3 4.2 4.2 4.2 4.2 4.3 4.3 4.2 4.2 4.3 4.3 4.4 4.4 4.4 4.4 4.4 4.4 4.3 4.2 4.2 4.0 4.0 3.8 3.6 3.5
9.4 9.9 10.1 10.5 10.8 11.0 11.5 11.7 11.9 12.0 12.2 12.2 12.3 12.3 12.4 12.3 12.4 12.6 12.6 12.5 12.6 12.1 11.6 11.5 11.3 11.2 11.1 11.0 10.9 10.4 9.9 9.5 9.3 9.0 8.8 8.6 8.4 8.2 7.8 7.5 7.3 7.2 7.0 6.8 6.5 6.4 6.2 6.0 5.8 5.6 5.4 5.3 5.1 5.0 4.9 4.8 4.7 4.7 4.6 4.6 4.5 4.5 4.4 4.4 4.3 4.3 4.3 4.3 4.3 4.3 4.3 4.3 4.3 4.3 4.3 4.3 4.4 4.4 4.4 4.5 4.5 4.5 4.4 4.4 4.4 4.4 4.4 4.3 4.2 4.7 3.9 3.8
9.5 9.9 10.3 10.7 11.0 11.4 11.7 12.0 12.1 12.4 12.4 12.4 12.6 12.5 12.5 12.5 12.6 12.8 13.1 13.0 12.7 12.2 12.0 11.7 11.6 11.4 11.3 11.1 10.9 10.5 10.0 9.7 9.4 9.2 8.9 8.7 8.5 8.3 8.0 7.7 7.5 7.3 7.2 7.0 6.8 6.7 6.5 6.3 6.1 5.9 5.8 5.5 5.4 5.2 5.1 5.0 4.9 4.9 4.8 4.8 4.7 4.6 4.5 4.5 4.4 4.4 4.4 4.4 4.3 4.3 4.3 4.3 4.3 4.4 4.4 4.4 4.4 4.5 4.5 4.6 4.5 4.6 4.6 4.5 4.5 4.6 4.5 4.5 4.5 4.5 4.2 4.1
9.5 10.0 10.3 11.0 11.0 11.3 11.6 12.1 12.4 12.8 12.7 12.5 12.5 12.6 12.5 12.6 12.8 12.9 13.0 13.0 12.7 12.4 12.2 12.0 11.9 11.7 11.6 11.4 11.1 10.6 10.2 9.8 9.6 9.3 9.0 8.9 8.6 8.3 8.1 7.9 7.7 7.5 7.3 7.2 7.0 6.8 6.6 6.4 6.2 6.1 6.0 5.7 5.6 5.4 5.3 5.2 5.2 5.0 5.0 4.9 4.9 4.7 4.7 4.6 4.5 4.5 4.5 4.5 4.4 4.4 4.4 4.4 4.4 4.4 4.4 4.5 4.5 4.5 4.6 4.6 4.6 4.6 4.6 4.7 4.7 4.7 4.7 4.7 4.7 4.6 4.6 4.4
9.4 10.0 10.4 10.9 11.2 11.5 11.6 11.9 12.5 12.7 12.7 12.7 12.5 12.6 12.6 12.7 12.7 13.0 13.2 12.9 12.7 12.5 12.4 12.2 12.2 12.2 12.0 11.7 11.2 10.8 10.4 10.0 9.7 9.7 9.2 8.9 8.7 8.5 8.3 8.0 7.9 7.6 7.5 7.3 7.1 6.9 6.8 6.6 6.5 6.2 6.4 6.0 5.7 5.5 5.4 5.4 5.3 5.2 5.1 5.0 4.9 4.8 4.8 4.8 4.7 4.6 4.6 4.5 4.5 4.5 4.5 4.5 4.5 4.5 4.5 4.5 4.6 4.6 4.6 4.7 4.7 4.7 4.7 4.8 4.8 4.8 4.8 4.8 4.8 4.8 4.8 4.8
9.5 9.9 10.5 11.1 11.4 11.6 11.7 11.9 12.2 12.6 12.4 12.4 12.4 12.6 12.5 12.7 12.9 13.0 13.3 13.0 12.8 12.5 12.4 12.3 12.3 12.2 12.1 11.6 11.3 10.9 10.6 10.1 10.0 9.8 9.4 9.1 8.9 8.8 8.5 8.2 8.1 7.7 7.6 7.4 7.2 7.1 6.8 6.7 6.5 6.4 6.3 6.1 5.9 5.5 5.5 5.5 5.4 5.3 5.2 5.1 5.0 4.9 5.0 4.9 4.7 4.7 4.6 4.7 4.6 4.6 4.6 4.5 4.6 4.6 4.6 4.6 4.7 4.7 4.7 4.8 4.8 4.9 5.0 5.0 5.0 5.0 5.0 5.0 5.1 5.0 5.1 5.1
9.7 10.0 10.5 11.2 11.5 11.7 12.1 12.0 12.0 12.3 12.6 12.6 12.6 12.6 12.5 12.6 12.8 13.1 13.1 13.0 12.8 12.6 12.4 12.3 12.4 12.5 12.4 11.9 11.4 10.9 10.5 10.3 10.3 10.0 9.7 9.5 9.0 8.9 8.7 8.4 8.2 7.9 7.8 7.5 7.3 7.2 6.9 6.7 6.6 6.4 6.3 6.1 5.8 5.9 5.8 5.6 5.5 5.4 5.3 5.2 5.3 5.1 5.0 5.4 4.9 4.8 4.8 4.7 4.7 4.7 4.7 4.7 4.7 4.7 4.8 4.9 4.8 4.8 4.9 4.9 5.0 5.0 5.1 5.1 5.2 5.2 5.2 5.2 5.2 5.3 5.3 5.2
9.7 10.3 10.7 11.0 11.2 11.8 12.0 11.9 11.9 12.0 12.3 12.4 12.3 12.3 12.4 12.6 12.8 13.0 13.1 13.1 12.8 12.7 12.5 12.4 12.4 12.5 12.4 11.9 11.4 11.1 10.9 10.6 10.3 10.2 9.9 9.5 9.2 8.9 8.6 8.4 8.1 7.9 7.8 7.6 7.4 7.2 7.0 6.8 6.7 6.5 6.4 6.3 6.1 6.0 5.9 5.8 5.7 5.6 5.5 5.4 5.3 5.3 5.2 5.1 5.0 5.0 5.1 4.8 4.8 4.9 5.0 4.9 4.8 5.1 5.4 4.9 5.0 5.0 5.0 5.1 5.1 5.2 5.3 5.4 5.4 5.4 5.4 5.5 5.5 5.5 5.5 5.4
10.0 10.2 10.7 11.0 11.3 11.7 11.9 12.1 12.0 12.0 12.0 12.0 12.0 12.4 12.3 12.7 12.6 12.9 12.9 13.2 13.0 12.8 12.4 12.4 12.5 12.5 12.5 12.1 11.5 11.1 11.0 10.8 10.5 10.4 10.1 9.6 9.2 8.9 8.7 8.6 8.2 8.0 7.8 7.8 7.4 7.3 7.1 7.0 6.8 6.8 6.6 6.4 6.3 6.1 6.1 6.1 5.9 5.8 5.6 5.5 5.4 5.4 5.3 5.2 5.1 5.1 5.0 5.0 5.0 4.9 4.9 5.0 5.3 5.1 5.3 5.1 5.5 5.5 5.1 5.2 5.3 5.4 5.5 5.6 5.7 5.8 5.7 5.7 5.7 5.7 5.7 5.7
9.8 10.1 10.5 10.9 11.2 11.5 11.7 11.8 12.0 11.9 11.8 12.0 12.1 12.1 12.2 12.3 12.5 12.7 12.7 12.8 12.7 12.5 12.4 12.5 12.7 12.7 12.7 12.1 11.7 11.3 11.0 11.0 10.7 10.4 9.9 9.6 9.3 9.0 8.8 8.5 8.3 8.1 7.9 7.7 7.5 7.4 7.5 7.3 7.0 7.0 6.8 6.6 6.4 6.2 6.1 6.2 6.4 6.0 5.7 5.6 5.5 5.5 5.4 5.3 5.2 5.2 5.2 5.1 5.2 5.1 5.1 5.1 5.1 5.1 5.1 5.3 5.8 6.2 5.7 6.0 5.7 5.6 5.7 5.9 6.1 5.9 8.0 7.6 6.2 6.0 6.0 6.0
9.8 10.1 10.6 10.9 11.3 11.5 11.4 11.5 11.7 11.8 12.0 12.1 12.1 12.0 12.1 12.2 12.2 12.4 12.4 12.5 12.6 12.4 12.4 12.5 12.6 12.9 12.6 12.2 11.7 11.2 11.2 10.7 10.6 10.6 10.0 9.6 9.3 9.2 8.8 8.5 8.3 8.1 8.0 7.8 7.6 7.5 7.3 7.2 7.1 7.0 6.9 6.9 6.6 6.3 6.2 6.1 6.1 5.9 5.7 5.8 5.8 5.7 5.6 5.5 5.3 5.4 5.4 5.5 5.4 5.5 5.2 5.2 5.2 5.2 5.2 5.2 5.3 5.3 5.4 5.7 5.9 5.7 6.3 6.0 6.1 6.5 7.3 6.9 7.0 7.2 6.3 6.2
9.9 10.2 10.7 10.9 11.4 11.3 11.6 11.4 11.6 11.6 11.8 11.7 11.7 11.8 11.9 12.0 12.0 13.1 12.5 12.6 12.5 12.4 12.4 12.4 12.5 12.5 12.3 12.0 12.3 11.2 11.0 11.1 10.6 10.7 10.1 9.6 9.4 9.0 8.8 8.6 8.4 8.2 8.1 8.0 7.7 7.6 7.4 7.3 7.2 7.2 7.0 6.9 6.6 6.4 6.2 6.1 6.0 5.9 5.8 5.7 5.8 6.1 5.8 5.7 5.5 5.4 5.3 5.3 5.9 6.2 5.6 5.4 5.4 5.5 5.4 5.4 5.4 5.4 5.4 5.5 5.8 5.9 6.6 6.0 6.4 6.7 7.1 7.3 7.8 7.7 7.3 6.5
9.7 10.1 10.3 10.8 11.3 11.5 11.5 11.6 11.6 11.6 11.6 11.7 12.0 11.8 11.7 11.8 11.9 12.4 12.7 12.6 12.5 12.4 12.4 12.5 12.6 12.8 12.9 12.1 11.6 11.2 11.0 11.2 10.7 10.7 10.2 9.7 9.3 9.1 8.8 8.6 8.5 8.3 8.2 8.4 8.0 7.8 7.6 7.5 7.4 7.3 7.1 7.0 6.7 6.5 6.3 6.2 6.1 6.2 6.0 5.9 5.8 5.7 5.7 5.7 5.5 5.4 5.3 5.7 5.3 5.3 5.3 5.3 5.6 5.5 5.3 5.4 5.4 5.4 5.5 5.7 5.7 5.8 5.9 6.0 6.1 6.1 6.2 6.3 7.3 8.1 6.7 6.7
9.5 10.0 10.4 10.6 10.9 11.4 11.6 11.5 11.5 11.6 11.5 11.6 11.9 11.8 11.6 11.7 12.1 12.3 12.3 12.4 12.6 12.3 12.6 12.4 12.4 12.3 12.1 12.0 11.5 11.3 11.0 10.9 10.7 10.9 10.1 9.7 9.4 9.1 8.9 8.7 8.5 8.4 8.3 8.3 8.6 8.0 7.8 7.7 7.5 7.4 7.4 7.2 6.9 6.7 6.4 6.2 6.1 5.9 6.2 6.0 5.9 5.9 5.8 5.8 5.6 5.5 5.5 5.5 5.9 5.6 5.4 5.4 5.3 5.3 5.4 5.4 5.4 5.4 5.5 5.7 6.1 6.0 6.1 6.2 6.3 6.3 6.3 6.3 6.4 6.5 6.6 6.7
9.3 9.7 10.2 10.5 10.7 11.1 11.6 11.7 11.6 11.6 11.2 11.2 11.3 11.5 11.5 11.6 11.8 12.1 12.5 12.7 12.4 12.2 12.2 12.2 12.2 12.3 12.0 11.8 11.4 11.1 10.9 10.7 10.6 10.7 10.1 9.6 9.3 9.1 8.9 8.7 8.5 8.5 8.4 8.5 8.3 8.0 7.9 7.9 7.8 7.5 7.4 7.4 6.9 6.7 6.4 6.3 6.1 6.0 5.9 6.1 5.8 5.9 5.6 5.8 5.7 5.5 5.3 5.4 5.3 5.4 5.4 5.3 5.4 5.3 5.3 5.3 5.4 5.7 5.8 5.8 5.9 6.2 6.3 6.4 6.5 6.6 6.7 6.6 6.6 6.6 6.7 6.8
9.1 9.7 10.0 10.3 10.6 10.8 11.4 11.4 11.4 11.4 11.3 11.1 11.2 11.3 11.4 11.6 11.9 11.9 12.1 12.4 12.5 12.2 12.1 12.1 12.2 12.2 11.9 11.6 11.3 11.0 10.8 10.6 10.5 10.2 10.2 9.5 9.3 9.1 9.0 8.8 8.7 8.6 8.5 8.4 8.2 8.2 8.1 8.0 7.8 7.6 7.5 7.3 7.4 6.7 6.6 6.3 6.2 6.1 5.9 5.8 6.1 5.7 5.7 5.7 5.5 5.5 5.4 5.3 5.3 5.4 5.5 5.3 5.3 5.3 5.4 5.4 5.5 5.5 5.9 6.0 6.6 6.8 6.6 6.6 6.8 7.7 6.8 6.8 6.7 6.8 6.8 6.9
8.8 9.1 9.6 10.3 10.5 10.6 11.0 11.4 11.5 11.4 11.4 11.3 11.2 11.2 11.3 11.4 11.6 11.8 12.0 12.1 12.3 12.3 12.3 13.1 11.9 11.9 11.7 11.5 11.2 10.8 10.7 10.5 10.3 10.2 9.7 9.5 9.3 9.1 8.9 8.8 8.7 8.6 8.6 8.5 8.5 8.3 8.2 8.0 7.8 7.7 7.5 7.3 7.1 7.0 6.6 6.4 6.2 6.1 6.0 5.9 5.8 5.7 5.9 5.8 5.5 5.4 5.3 5.3 5.2 5.2 5.2 5.3 5.3 5.3 5.3 5.5 5.5 5.6 5.8 5.9 6.0 6.2 6.5 7.0 6.7 6.8 6.9 7.0 7.1 6.9 7.0 7.1
