Australia Fires/rainfall.grid
ncols 886
nrows 691
xllcenter 112.0000
yllcenter -44.5000
cellsize 0.0500
nodata_value 99999.90
[rows 287 to 327 of 691, columns 460 to 551 of 886]
8.0 7.8 7.8 7.4 7.2 7.0 6.9 6.9 6.7 6.6 6.5 6.5 6.4 6.4 6.3 6.3 6.2 6.1 5.9 5.8 5.6 5.4 5.3 5.1 4.9 4.8 4.7 4.5 4.4 4.3 4.2 4.1 3.9 3.9 3.7 3.6 3.5 3.3 3.2 3.1 3.0 2.9 2.8 2.7 2.5 2.4 2.3 2.2 2.1 1.9 1.8 1.7 1.6 1.5 1.4 1.3 1.3 1.2 1.1 1.0 1.0 0.9 0.9 0.8 0.8 0.7 0.7 0.7 0.6 0.6 0.5 0.5 0.4 0.4 0.3 0.2 0.2 0.1 0.0 0.0 0.0 0.0 0.0 0.0 0.0 0.0 0.0 0.0 0.0 0.0 0.0 0.0
7.9 7.7 7.5 7.3 7.1 7.0 6.8 6.7 6.6 6.5 6.5 6.4 6.4 6.3 6.3 6.2 6.1 6.0 5.8 5.7 5.5 5.3 5.2 5.0 4.9 4.8 4.6 4.5 4.4 4.3 4.2 4.0 3.9 3.9 3.8 3.6 3.5 3.4 3.2 3.1 3.0 2.9 2.8 2.7 2.5 2.4 2.3 2.2 2.1 1.9 1.8 1.7 1.6 1.5 1.4 1.3 1.2 1.2 1.1 1.0 1.0 0.9 0.9 0.8 0.8 0.7 0.7 0.7 0.6 0.6 0.5 0.5 0.4 0.4 0.3 0.2 0.2 0.1 0.0 0.0 0.0 0.0 0.0 0.0 0.0 0.0 0.0 0.0 0.0 0.0 0.0 0.0
7.8 7.6 7.4 7.2 7.1 6.9 6.7 6.6 6.5 6.4 6.4 6.3 6.3 6.2 6.2 6.1 6.1 5.8 5.7 5.5 5.4 5.2 5.1 5.0 4.9 4.7 4.6 4.5 4.4 4.3 4.1 4.0 3.9 3.8 3.7 3.6 3.5 3.4 3.3 3.1 3.0 2.9 2.8 2.7 2.5 2.4 2.3 2.2 2.1 1.9 1.8 1.7 1.6 1.5 1.4 1.3 1.2 1.2 1.1 1.0 1.0 0.9 0.9 0.8 0.8 0.7 0.7 0.6 0.6 0.6 0.5 0.5 0.4 0.4 0.3 0.2 0.2 0.1 0.0 0.0 0.0 0.0 0.0 0.0 0.0 0.0 0.0 0.0 0.0 0.0 0.0 0.0
7.7 7.5 7.3 7.1 7.0 6.9 6.7 6.6 6.5 6.4 6.3 6.3 6.2 6.1 6.0 5.9 6.0 5.8 5.6 5.4 5.3 5.2 5.0 4.9 4.8 4.7 4.6 4.5 4.4 4.3 4.2 4.1 3.9 3.8 3.7 3.6 3.5 3.4 3.2 3.1 3.0 2.9 2.8 2.7 2.5 2.4 2.3 2.2 2.1 1.9 1.8 1.7 1.6 1.5 1.4 1.3 1.2 1.2 1.1 1.0 1.0 0.9 0.9 0.8 0.8 0.7 0.7 0.7 0.6 0.6 0.5 0.5 0.4 0.4 0.3 0.3 0.2 0.1 0.1 0.0 0.0 0.0 0.0 0.0 0.0 0.0 0.0 0.0 0.0 0.0 0.0 0.0
7.7 7.5 7.3 7.1 6.9 6.8 6.6 6.5 6.4 6.3 6.2 6.1 6.0 5.9 5.9 5.8 5.7 5.6 5.4 5.3 5.2 5.1 5.0 4.8 4.7 4.6 4.5 4.4 4.3 4.3 4.1 4.0 3.9 3.8 3.7 3.6 3.5 3.4 3.2 3.1 3.0 2.9 2.8 2.6 2.5 2.4 2.3 2.2 2.0 1.9 1.8 1.7 1.6 1.5 1.4 1.3 1.2 1.2 1.1 1.0 1.0 0.9 0.9 0.8 0.8 0.7 0.7 0.7 0.6 0.6 0.5 0.5 0.4 0.4 0.3 0.3 0.2 0.2 0.1 0.0 0.0 0.0 0.0 0.0 0.0 0.0 0.0 0.0 0.0 0.0 0.0 0.0
7.6 7.4 7.1 6.9 6.7 6.5 6.5 6.4 6.2 6.1 6.0 5.9 5.8 5.7 5.7 5.6 5.6 5.4 5.4 5.2 5.1 5.0 4.9 4.8 4.7 4.6 4.5 4.4 4.3 4.2 4.1 4.0 3.9 3.8 3.7 3.6 3.5 3.4 3.2 3.1 3.0 2.9 2.8 2.6 2.5 2.4 2.3 2.2 2.0 1.9 1.8 1.7 1.6 1.5 1.4 1.3 1.2 1.1 1.1 1.0 1.0 0.9 0.9 0.8 0.8 0.7 0.7 0.7 0.6 0.6 0.5 0.5 0.4 0.4 0.3 0.3 0.2 0.2 0.1 0.1 0.0 0.0 0.0 0.0 0.0 0.0 0.0 0.0 0.0 0.0 0.0 0.1
7.4 7.2 6.8 6.6 6.5 6.5 6.2 6.1 6.0 5.8 5.8 5.7 5.6 5.5 5.5 5.4 5.4 5.3 5.2 5.1 5.0 4.9 4.8 4.7 4.6 4.5 4.5 4.4 4.3 4.2 4.1 4.0 3.9 3.8 3.7 3.6 3.5 3.4 3.2 3.1 3.0 2.9 2.8 2.6 2.5 2.4 2.3 2.2 2.0 1.9 1.8 1.7 1.6 1.5 1.4 1.3 1.2 1.1 1.1 1.0 1.0 0.9 0.9 0.8 0.8 0.7 0.7 0.7 0.6 0.6 0.5 0.5 0.5 0.4 0.4 0.3 0.3 0.2 0.1 0.1 0.0 0.0 0.0 0.0 0.0 0.0 0.0 0.0 0.0 0.1 0.1 0.1
7.1 6.8 6.6 6.5 6.4 6.3 6.0 5.9 5.8 5.7 5.6 5.6 5.5 5.4 5.3 5.3 5.3 5.2 5.1 5.0 4.9 4.8 4.8 4.7 4.6 4.5 4.4 4.3 4.3 4.2 4.1 4.0 3.9 3.8 3.7 3.6 3.5 3.4 3.3 3.1 3.0 2.9 2.8 2.6 2.5 2.4 2.3 2.1 2.0 1.9 1.8 1.7 1.6 1.5 1.4 1.3 1.2 1.1 1.1 1.0 1.0 0.9 0.9 0.8 0.8 0.7 0.7 0.7 0.6 0.6 0.6 0.5 0.5 0.4 0.4 0.3 0.3 0.2 0.2 0.1 0.1 0.0 0.0 0.0 0.0 0.0 0.0 0.1 0.1 0.1 0.1 0.1
6.8 6.7 6.5 6.4 6.2 6.0 5.9 5.7 5.6 5.5 5.5 5.4 5.4 5.3 5.2 5.2 5.1 5.1 5.0 4.9 4.8 4.8 4.7 4.6 4.6 4.5 4.4 4.3 4.3 4.2 4.1 4.0 3.9 3.8 3.7 3.6 3.5 3.4 3.3 3.1 3.0 2.9 2.8 2.6 2.5 2.4 2.2 2.1 2.0 1.9 1.8 1.7 1.6 1.5 1.4 1.3 1.2 1.1 1.1 1.0 1.0 0.9 0.9 0.8 0.8 0.7 0.7 0.7 0.6 0.6 0.6 0.5 0.5 0.4 0.4 0.4 0.3 0.3 0.2 0.2 0.1 0.1 0.0 0.0 0.0 0.1 0.1 0.1 0.1 0.1 0.1 0.1
6.8 6.6 6.3 6.1 6.0 5.8 5.7 5.5 5.4 5.3 5.3 5.3 5.2 5.2 5.1 5.1 5.0 5.0 4.9 4.8 4.8 4.7 4.6 4.6 4.5 4.4 4.4 4.3 4.2 4.2 4.1 4.0 3.9 3.8 3.7 3.6 3.5 3.4 3.3 3.1 3.0 2.9 2.8 2.6 2.5 2.3 2.2 2.1 2.0 1.9 1.7 1.6 1.5 1.4 1.3 1.3 1.2 1.1 1.1 1.0 1.0 0.9 0.9 0.8 0.8 0.7 0.7 0.7 0.6 0.6 0.6 0.5 0.5 0.5 0.4 0.4 0.3 0.3 0.3 0.2 0.2 0.1 0.1 0.1 0.1 0.1 0.1 0.1 0.1 0.1 0.1 0.2
6.7 6.4 6.3 6.0 5.8 5.6 5.5 5.4 5.3 5.2 5.2 5.2 5.1 5.1 5.0 5.0 4.9 4.9 4.8 4.7 4.7 4.6 4.6 4.5 4.5 4.4 4.3 4.3 4.2 4.1 4.0 4.0 3.9 3.8 3.7 3.6 3.5 3.4 3.2 3.1 3.0 2.9 2.8 2.6 2.5 2.3 2.2 2.1 2.0 1.8 1.7 1.6 1.5 1.4 1.3 1.3 1.2 1.1 1.1 1.0 1.0 0.9 0.9 0.8 0.8 0.8 0.7 0.7 0.6 0.6 0.6 0.6 0.5 0.5 0.4 0.4 0.4 0.3 0.3 0.2 0.2 0.2 0.1 0.1 0.1 0.1 0.1 0.1 0.1 0.1 0.2 0.2
6.5 6.2 6.0 5.8 5.6 5.5 5.4 5.3 5.2 5.1 5.1 5.0 5.0 5.0 5.0 5.0 4.9 4.8 4.8 4.7 4.6 4.6 4.5 4.5 4.4 4.4 4.3 4.3 4.2 4.1 4.0 4.0 3.9 3.8 3.7 3.6 3.5 3.4 3.3 3.1 3.0 2.9 2.7 2.6 2.5 2.3 2.2 2.1 2.0 1.8 1.7 1.6 1.5 1.4 1.3 1.2 1.2 1.1 1.0 1.0 0.9 0.9 0.9 0.8 0.8 0.8 0.7 0.7 0.7 0.6 0.6 0.6 0.5 0.5 0.5 0.4 0.4 0.4 0.3 0.3 0.2 0.2 0.2 0.1 0.1 0.1 0.1 0.1 0.1 0.2 0.2 0.2
6.3 6.0 5.8 5.6 5.5 5.4 5.3 5.2 5.1 5.0 5.0 4.9 4.9 4.9 4.9 4.9 4.8 4.7 4.7 4.7 4.6 4.5 4.5 4.4 4.4 4.3 4.3 4.2 4.2 4.1 4.0 3.9 3.8 3.7 3.6 3.6 3.4 3.3 3.2 3.1 3.0 2.8 2.7 2.6 2.4 2.3 2.2 2.0 1.9 1.8 1.7 1.6 1.5 1.4 1.3 1.2 1.2 1.1 1.0 1.0 0.9 0.9 0.9 0.8 0.8 0.8 0.7 0.7 0.7 0.6 0.6 0.6 0.5 0.5 0.5 0.4 0.4 0.4 0.3 0.3 0.3 0.2 0.2 0.2 0.2 0.1 0.1 0.1 0.2 0.2 0.2 0.3
6.1 5.9 5.7 5.6 5.4 5.3 5.2 5.1 5.0 5.0 4.9 4.9 4.8 4.8 4.9 4.8 4.7 4.7 4.6 4.6 4.6 4.5 4.4 4.4 4.3 4.3 4.2 4.2 4.1 4.1 4.0 3.9 3.8 3.7 3.6 3.5 3.5 3.3 3.2 3.1 3.0 2.8 2.7 2.6 2.4 2.3 2.2 2.0 1.9 1.8 1.7 1.6 1.5 1.4 1.3 1.2 1.2 1.1 1.0 1.0 0.9 0.9 0.9 0.8 0.8 0.8 0.7 0.7 0.7 0.6 0.6 0.6 0.6 0.5 0.5 0.5 0.4 0.4 0.3 0.3 0.3 0.3 0.2 0.2 0.2 0.2 0.2 0.2 0.2 0.2 0.3 0.3
5.9 5.7 5.6 5.4 5.3 5.2 5.1 5.0 5.0 4.9 4.9 4.8 4.8 4.7 4.7 4.7 4.6 4.6 4.6 4.6 4.5 4.5 4.4 4.4 4.3 4.3 4.2 4.2 4.1 4.0 3.9 3.9 3.8 3.7 3.6 3.5 3.5 3.3 3.2 3.1 2.9 2.8 2.7 2.5 2.4 2.3 2.1 2.0 1.9 1.8 1.7 1.6 1.5 1.4 1.3 1.2 1.2 1.1 1.0 1.0 1.0 0.9 0.9 0.8 0.8 0.8 0.7 0.7 0.7 0.7 0.6 0.6 0.6 0.5 0.5 0.5 0.4 0.4 0.4 0.3 0.3 0.3 0.2 0.2 0.2 0.2 0.2 0.2 0.2 0.2 0.3 0.4
5.7 5.6 5.4 5.3 5.1 5.1 5.1 4.9 4.8 4.9 4.8 4.7 4.7 4.7 4.7 4.6 4.6 4.6 4.5 4.5 4.5 4.4 4.4 4.3 4.3 4.2 4.2 4.1 4.1 4.0 3.9 3.9 3.8 3.7 3.6 3.5 3.4 3.3 3.2 3.0 2.9 2.7 2.6 2.5 2.4 2.2 2.1 2.0 1.9 1.7 1.6 1.5 1.5 1.4 1.3 1.2 1.1 1.1 1.0 1.0 0.9 0.9 0.9 0.8 0.8 0.8 0.8 0.7 0.7 0.7 0.6 0.6 0.6 0.5 0.5 0.5 0.4 0.4 0.3 0.3 0.3 0.2 0.2 0.2 0.2 0.2 0.2 0.2 0.2 0.3 0.3 0.4
5.6 5.5 5.3 5.2 5.0 5.0 4.9 4.8 4.8 4.8 4.8 4.7 4.7 4.7 4.6 4.6 4.5 4.5 4.5 4.5 4.4 4.4 4.4 4.3 4.3 4.2 4.2 4.1 4.0 4.0 3.9 3.9 3.8 3.6 3.6 3.5 3.4 3.2 3.1 3.0 2.8 2.7 2.6 2.5 2.3 2.2 2.1 1.9 1.9 1.7 1.6 1.5 1.4 1.3 1.3 1.2 1.1 1.1 1.0 1.0 1.0 0.9 0.9 0.8 0.8 0.8 0.7 0.7 0.7 0.7 0.6 0.6 0.6 0.5 0.5 0.5 0.4 0.4 0.3 0.3 0.2 0.2 0.2 0.2 0.2 0.2 0.2 0.2 0.2 0.3 0.3 0.4
5.4 5.3 5.2 5.0 5.0 4.9 4.8 4.7 4.7 4.7 4.7 4.7 4.7 4.6 4.5 4.5 4.5 4.5 4.4 4.4 4.4 4.3 4.3 4.3 4.2 4.2 4.1 4.1 4.0 4.0 3.9 3.8 3.7 3.6 3.5 3.4 3.3 3.3 3.1 3.0 2.8 2.7 2.6 2.4 2.3 2.2 2.0 1.9 1.8 1.7 1.6 1.5 1.4 1.3 1.3 1.2 1.1 1.1 1.0 1.0 0.9 0.9 0.9 0.9 0.8 0.8 0.8 0.7 0.7 0.7 0.6 0.6 0.5 0.5 0.5 0.4 0.4 0.3 0.3 0.3 0.2 0.2 0.1 0.1 0.1 0.1 0.1 0.1 0.2 0.3 0.4 0.4
5.2 5.2 5.0 5.0 4.9 4.8 4.7 4.6 4.6 4.6 4.6 4.7 4.6 4.5 4.5 4.5 4.4 4.4 4.4 4.4 4.3 4.3 4.3 4.2 4.2 4.1 4.1 4.0 4.0 3.9 3.8 3.8 3.7 3.6 3.5 3.4 3.3 3.2 3.1 2.9 2.8 2.6 2.5 2.4 2.3 2.1 2.0 1.9 1.8 1.7 1.6 1.5 1.4 1.3 1.2 1.2 1.1 1.1 1.0 1.0 1.0 0.9 0.9 0.9 0.8 0.8 0.8 0.7 0.7 0.7 0.6 0.6 0.5 0.5 0.5 0.4 0.4 0.3 0.3 0.2 0.2 0.1 0.1 0.1 0.0 0.1 0.1 0.1 0.2 0.3 0.4 0.5
5.2 5.1 4.9 4.9 4.8 4.7 4.6 4.6 4.5 4.5 4.5 4.6 4.5 4.4 4.4 4.4 4.4 4.4 4.3 4.3 4.3 4.3 4.2 4.2 4.2 4.1 4.0 4.0 3.9 3.9 3.8 3.7 3.6 3.6 3.5 3.4 3.3 3.2 3.0 2.9 2.8 2.6 2.5 2.3 2.3 2.1 2.0 1.9 1.8 1.7 1.6 1.5 1.4 1.3 1.2 1.2 1.1 1.1 1.0 1.0 1.0 0.9 0.9 0.8 0.8 0.8 0.8 0.7 0.7 0.7 0.6 0.6 0.5 0.5 0.4 0.4 0.3 0.3 0.2 0.2 0.1 0.1 0.0 0.0 0.0 0.0 0.1 0.1 0.2 0.3 0.4 0.5
5.0 4.9 4.9 4.8 4.7 4.7 4.6 4.5 4.5 4.5 4.4 4.5 4.5 4.4 4.4 4.4 4.3 4.3 4.3 4.3 4.3 4.3 4.2 4.2 4.1 4.1 4.0 4.0 3.9 3.9 3.8 3.7 3.6 3.5 3.4 3.4 3.2 3.1 3.0 2.9 2.7 2.6 2.5 2.3 2.2 2.1 2.0 1.9 1.7 1.7 1.6 1.5 1.4 1.3 1.2 1.2 1.1 1.1 1.0 1.0 0.9 0.9 0.9 0.9 0.8 0.8 0.8 0.7 0.7 0.6 0.6 0.6 0.5 0.5 0.4 0.3 0.3 0.2 0.1 0.1 0.0 0.0 0.0 0.0 0.0 0.0 0.1 0.1 0.2 0.3 0.4 0.5
4.9 4.8 4.8 4.7 4.6 4.6 4.5 4.5 4.4 4.4 4.4 4.4 4.4 4.3 4.3 4.3 4.3 4.3 4.3 4.2 4.2 4.2 4.2 4.1 4.1 4.0 4.0 4.0 3.9 3.8 3.7 3.7 3.6 3.5 3.4 3.3 3.2 3.1 2.9 2.8 2.7 2.6 2.4 2.3 2.2 2.1 2.0 1.8 1.7 1.6 1.5 1.5 1.4 1.3 1.2 1.2 1.1 1.1 1.0 1.0 1.0 0.9 0.9 0.9 0.8 0.8 0.8 0.7 0.7 0.6 0.6 0.5 0.5 0.4 0.4 0.3 0.2 0.2 0.1 0.0 0.0 0.0 0.0 0.0 0.0 0.0 0.1 0.1 0.2 0.3 0.4 0.5
4.8 4.7 4.6 4.6 4.6 4.5 4.6 4.5 4.4 4.4 4.4 4.3 4.3 4.3 4.3 4.3 4.3 4.3 4.2 4.2 4.2 4.2 4.1 4.1 4.1 4.0 4.0 3.9 3.9 3.8 3.7 3.6 3.6 3.5 3.4 3.3 3.1 3.0 2.9 2.8 2.7 2.5 2.4 2.3 2.2 2.1 1.9 1.8 1.7 1.6 1.5 1.4 1.4 1.3 1.2 1.2 1.1 1.1 1.0 1.0 1.0 0.9 0.9 0.9 0.8 0.8 0.8 0.7 0.7 0.7 0.6 0.5 0.5 0.4 0.3 0.3 0.2 0.1 0.0 0.0 0.0 0.0 0.0 0.0 0.0 0.0 0.1 0.2 0.2 0.3 0.4 0.5
4.7 4.6 4.6 4.6 4.5 4.5 4.5 4.4 4.5 4.3 4.3 4.3 4.3 4.2 4.2 4.2 4.2 4.2 4.2 4.2 4.1 4.1 4.1 4.1 4.0 4.0 3.9 3.9 3.8 3.8 3.7 3.6 3.5 3.5 3.4 3.2 3.1 3.0 2.9 2.8 2.6 2.5 2.4 2.3 2.2 2.1 1.9 1.8 1.7 1.6 1.5 1.4 1.4 1.3 1.2 1.2 1.1 1.1 1.0 1.0 1.0 0.9 0.9 0.9 0.8 0.8 0.8 0.7 0.7 0.6 0.6 0.5 0.4 0.4 0.3 0.2 0.1 0.0 0.0 0.0 0.0 0.0 0.0 0.0 0.0 0.1 0.1 0.2 0.2 0.3 0.4 0.5
4.6 4.6 4.6 4.5 4.5 4.5 4.4 4.4 4.4 4.3 4.3 4.2 4.2 4.2 4.2 4.2 4.2 4.2 4.2 4.1 4.1 4.1 4.1 4.0 4.0 4.0 3.9 3.9 3.8 3.8 3.7 3.6 3.5 3.4 3.3 3.2 3.1 3.0 2.9 2.7 2.6 2.5 2.4 2.3 2.1 2.0 1.9 1.8 1.7 1.6 1.5 1.4 1.3 1.3 1.2 1.2 1.1 1.1 1.0 1.0 0.9 0.9 0.9 0.9 0.8 0.8 0.8 0.7 0.7 0.6 0.6 0.5 0.4 0.3 0.3 0.2 0.1 0.0 0.0 0.0 0.0 0.0 0.0 0.0 0.0 0.1 0.1 0.2 0.3 0.3 0.4 0.6
4.6 4.6 4.6 4.5 4.6 4.6 4.5 4.4 4.3 4.3 4.2 4.2 4.2 4.2 4.2 4.1 4.1 4.1 4.1 4.1 4.1 4.1 4.0 4.0 4.0 3.9 3.9 3.8 3.8 3.7 3.7 3.6 3.5 3.4 3.3 3.2 3.1 3.0 2.8 2.7 2.6 2.5 2.3 2.2 2.1 2.0 1.9 1.8 1.7 1.6 1.5 1.4 1.3 1.3 1.2 1.2 1.1 1.1 1.0 1.0 1.0 0.9 0.9 0.9 0.8 0.8 0.8 0.7 0.7 0.6 0.6 0.5 0.4 0.3 0.2 0.1 0.0 0.0 0.0 0.0 0.0 0.0 0.0 0.0 0.1 0.1 0.2 0.2 0.3 0.4 0.5 0.6
4.5 4.5 4.5 4.5 4.5 4.5 4.4 4.4 4.3 4.3 4.2 4.2 4.2 4.1 4.1 4.1 4.1 4.1 4.1 4.1 4.1 4.0 4.0 4.0 4.0 3.9 3.9 3.8 3.8 3.7 3.7 3.5 3.5 3.4 3.3 3.2 3.1 2.9 2.8 2.7 2.6 2.5 2.3 2.2 2.1 2.0 1.9 1.7 1.7 1.6 1.5 1.4 1.3 1.3 1.2 1.2 1.1 1.1 1.0 1.0 1.0 0.9 0.9 0.9 0.9 0.8 0.8 0.7 0.7 0.6 0.6 0.5 0.4 0.3 0.2 0.1 0.0 0.0 0.0 0.0 0.0 0.0 0.0 0.0 0.1 0.1 0.2 0.2 0.3 0.4 0.5 0.6
4.4 4.4 4.4 4.4 4.4 4.3 4.4 4.3 4.2 4.2 4.2 4.1 4.1 4.1 4.1 4.1 4.1 4.1 4.0 4.0 4.0 4.0 4.0 4.0 3.9 3.9 3.8 3.8 3.7 3.7 3.6 3.5 3.5 3.3 3.3 3.2 3.0 2.9 2.8 2.7 2.6 2.4 2.3 2.2 2.1 2.0 1.8 1.8 1.7 1.6 1.5 1.4 1.3 1.3 1.3 1.2 1.1 1.1 1.0 1.0 1.0 1.0 0.9 0.9 0.9 0.8 0.8 0.7 0.7 0.6 0.6 0.5 0.4 0.3 0.2 0.1 0.0 0.0 0.0 0.0 0.0 0.0 0.0 0.1 0.1 0.2 0.2 0.3 0.3 0.4 0.5 0.6
4.3 4.3 4.3 4.4 4.3 4.3 4.2 4.2 4.2 4.2 4.1 4.1 4.1 4.1 4.1 4.1 4.1 4.0 4.0 4.0 4.0 4.0 4.0 3.9 3.9 3.8 3.8 3.8 3.7 3.7 3.6 3.5 3.5 3.3 3.2 3.1 3.0 2.9 2.8 2.7 2.6 2.4 2.3 2.2 2.1 2.0 1.9 1.8 1.7 1.6 1.5 1.4 1.3 1.3 1.2 1.2 1.1 1.1 1.1 1.0 1.0 1.0 0.9 0.9 0.9 0.8 0.8 0.7 0.7 0.6 0.6 0.5 0.4 0.3 0.2 0.1 0.0 0.0 0.0 0.0 0.0 0.0 0.1 0.1 0.1 0.2 0.2 0.3 0.4 0.4 0.5 0.6
4.3 4.3 4.4 4.3 4.3 4.2 4.2 4.2 4.2 4.2 4.1 4.1 4.1 4.1 4.1 4.0 4.0 4.0 4.0 4.0 4.0 4.0 3.9 3.9 3.9 3.8 3.8 3.7 3.7 3.7 3.6 3.5 3.4 3.3 3.2 3.1 3.0 2.9 2.8 2.6 2.6 2.4 2.3 2.2 2.1 1.9 1.8 1.7 1.6 1.6 1.5 1.4 1.3 1.4 1.2 1.2 1.1 1.1 1.1 1.0 1.0 1.0 1.0 0.9 0.9 0.8 0.8 0.8 0.7 0.6 0.6 0.5 0.4 0.3 0.2 0.1 0.0 0.0 0.0 0.0 0.0 0.1 0.1 0.1 0.2 0.2 0.3 0.3 0.4 0.5 0.5 0.6
4.2 4.2 4.2 4.2 4.2 4.2 4.2 4.2 4.1 4.1 4.1 4.1 4.1 4.1 4.0 4.0 4.0 4.0 4.0 4.0 4.0 3.9 3.9 3.8 3.8 3.9 3.8 3.8 3.7 3.6 3.6 3.4 3.4 3.3 3.2 3.1 3.0 2.9 2.8 2.6 2.5 2.5 2.3 2.2 2.1 1.9 1.8 1.7 1.6 1.5 1.5 1.4 1.4 1.3 1.3 1.2 1.1 1.1 1.1 1.1 1.0 1.0 1.0 0.9 0.9 0.9 0.8 0.8 0.7 0.7 0.6 0.5 0.4 0.3 0.2 0.1 0.0 0.0 0.0 0.1 0.1 0.1 0.1 0.2 0.2 0.3 0.3 0.4 0.4 0.5 0.6 0.7
4.1 4.2 4.2 4.2 4.2 4.2 4.2 4.1 4.1 4.1 4.1 4.1 4.1 4.1 4.0 4.0 4.0 4.0 4.0 3.9 4.0 3.9 3.9 3.8 3.8 3.8 3.7 3.7 3.7 3.6 3.6 3.4 3.4 3.3 3.2 3.1 3.0 2.8 2.7 2.6 2.5 2.4 2.3 2.1 2.0 1.9 1.8 1.7 1.6 1.6 1.5 1.4 1.3 1.3 1.2 1.2 1.2 1.1 1.1 1.0 1.0 1.0 1.0 1.0 0.9 0.9 0.9 0.8 0.7 0.7 0.6 0.5 0.4 0.3 0.2 0.1 0.1 0.1 0.1 0.1 0.1 0.2 0.2 0.2 0.3 0.3 0.4 0.4 0.5 0.6 0.6 0.7
4.1 4.1 4.1 4.3 4.2 4.1 4.1 4.1 4.1 4.1 4.1 4.1 4.0 4.1 4.0 4.0 4.0 4.1 4.0 3.9 3.9 3.9 3.9 3.8 3.8 3.8 3.8 3.7 3.7 3.6 3.5 3.4 3.3 3.3 3.2 3.1 3.0 2.9 2.7 2.6 2.5 2.4 2.3 2.2 2.0 1.9 1.8 1.7 1.7 1.6 1.5 1.4 1.4 1.3 1.2 1.2 1.2 1.2 1.1 1.1 1.1 1.1 1.0 1.0 1.0 0.9 0.9 0.8 0.8 0.7 0.6 0.6 0.5 0.4 0.3 0.2 0.1 0.1 0.1 0.1 0.2 0.2 0.2 0.3 0.3 0.3 0.4 0.5 0.5 0.6 0.7 0.8
4.0 4.0 4.1 4.1 4.1 4.0 4.0 4.0 4.0 4.0 4.1 4.0 4.1 4.0 4.0 4.0 4.0 4.0 4.0 3.9 3.9 3.9 3.9 3.8 3.8 3.8 3.7 3.7 3.6 3.6 3.5 3.4 3.4 3.3 3.2 3.2 3.0 2.9 2.8 2.6 2.5 2.4 2.3 2.2 2.1 1.9 1.9 1.8 1.7 1.6 1.5 1.4 1.4 1.3 1.3 1.3 1.2 1.2 1.2 1.1 1.1 1.1 1.0 1.0 1.0 0.9 0.9 0.9 0.8 0.8 0.7 0.6 0.5 0.4 0.3 0.2 0.1 0.1 0.2 0.2 0.2 0.2 0.3 0.3 0.3 0.4 0.4 0.5 0.6 0.6 0.7 0.9
4.0 4.2 4.1 4.2 4.0 3.9 4.0 4.0 4.0 4.0 4.0 4.0 4.1 4.0 4.0 4.0 4.0 4.0 3.9 3.9 3.9 3.9 3.8 3.8 3.8 3.7 3.7 3.7 3.6 3.6 3.6 3.4 3.3 3.3 3.2 3.1 3.1 2.9 2.8 2.6 2.5 2.4 2.3 2.2 2.1 2.0 1.9 1.8 1.7 1.6 1.5 1.5 1.4 1.4 1.3 1.2 1.2 1.2 1.2 1.1 1.1 1.1 1.1 1.0 1.0 1.0 0.9 0.9 0.8 0.8 0.7 0.7 0.6 0.5 0.4 0.3 0.2 0.2 0.2 0.2 0.3 0.3 0.3 0.3 0.4 0.4 0.5 0.5 0.6 0.7 0.8 0.9
3.9 4.1 4.1 4.0 4.0 4.1 3.9 3.9 4.0 4.0 4.1 4.2 4.0 4.0 4.0 4.1 4.1 4.0 3.9 3.9 3.9 3.9 3.9 3.8 3.8 3.7 3.7 3.6 3.6 3.5 3.5 3.4 3.3 3.3 3.2 3.1 3.1 2.9 2.8 2.6 2.6 2.4 2.3 2.2 2.1 2.0 1.9 1.8 1.7 1.6 1.5 1.5 1.4 1.4 1.3 1.3 1.3 1.2 1.2 1.2 1.1 1.1 1.1 1.1 1.0 1.0 1.0 0.9 0.9 0.8 0.8 0.7 0.7 0.6 0.5 0.4 0.3 0.2 0.2 0.3 0.3 0.3 0.4 0.4 0.4 0.5 0.5 0.6 0.7 0.8 0.9 1.0
3.8 3.9 3.9 4.0 3.9 4.0 3.9 4.0 4.0 4.1 4.2 4.0 4.0 4.0 4.1 4.1 4.1 4.0 4.0 3.9 3.9 3.9 3.9 3.8 3.8 3.7 3.7 3.6 3.6 3.6 3.5 3.4 3.3 3.3 3.2 3.1 3.0 2.9 2.8 2.7 2.6 2.4 2.4 2.2 2.1 2.0 1.9 1.8 1.7 1.6 1.6 1.5 1.4 1.4 1.3 1.3 1.2 1.2 1.2 1.2 1.2 1.1 1.1 1.1 1.1 1.0 1.0 1.0 0.9 0.9 0.8 0.8 0.7 0.6 0.6 0.5 0.4 0.3 0.3 0.3 0.4 0.4 0.4 0.5 0.5 0.6 0.6 0.7 0.8 0.8 0.9 1.0
3.8 3.9 3.8 3.9 3.9 4.0 3.9 4.2 4.1 4.3 4.1 4.2 4.0 4.0 3.9 4.0 4.0 4.0 4.0 3.9 3.9 3.9 3.9 3.8 3.8 3.7 3.7 3.7 3.6 3.6 3.5 3.5 3.4 3.3 3.2 3.1 3.0 2.9 2.8 2.7 2.6 2.4 2.3 2.2 2.1 2.0 1.9 1.8 1.7 1.7 1.6 1.5 1.5 1.4 1.4 1.3 1.3 1.3 1.2 1.2 1.2 1.1 1.1 1.1 1.1 1.1 1.0 1.0 1.0 0.9 0.9 0.8 0.8 0.7 0.7 0.6 0.5 0.4 0.4 0.4 0.4 0.4 0.5 0.5 0.6 0.6 0.7 0.7 0.8 0.9 1.0 1.2
3.7 3.7 3.8 3.8 3.8 4.0 4.2 4.2 4.3 4.1 4.1 4.0 4.1 4.1 3.9 4.2 4.0 4.0 4.0 3.9 3.9 3.9 3.9 3.8 3.8 3.8 3.7 3.7 3.6 3.6 3.5 3.5 3.4 3.3 3.2 3.2 3.0 2.9 2.9 2.7 2.6 2.5 2.4 2.3 2.1 2.1 2.0 1.8 1.8 1.7 1.6 1.5 1.5 1.4 1.4 1.4 1.3 1.3 1.3 1.2 1.2 1.1 1.2 1.1 1.1 1.1 1.1 1.0 1.0 1.0 0.9 0.9 0.9 0.8 0.7 0.7 0.6 0.5 0.5 0.4 0.4 0.5 0.5 0.6 0.6 0.7 0.7 0.8 0.9 1.0 1.1 1.2
3.6 3.7 3.7 3.7 3.8 3.9 4.0 4.1 4.1 3.9 3.9 3.9 3.9 4.0 3.9 4.0 3.9 3.9 3.9 3.9 3.9 3.9 3.9 3.8 3.8 3.8 3.7 3.7 3.6 3.6 3.5 3.5 3.4 3.3 3.2 3.1 3.0 2.9 2.8 2.8 2.6 2.5 2.4 2.3 2.2 2.0 2.0 1.8 1.8 1.7 1.6 1.5 1.5 1.5 1.4 1.3 1.3 1.3 1.3 1.2 1.2 1.2 1.2 1.2 1.1 1.1 1.1 1.1 1.1 1.0 1.0 0.9 0.9 0.9 0.8 0.8 0.7 0.7 0.6 0.6 0.5 0.6 0.6 0.6 0.7 0.7 0.8 0.9 0.9 1.0 1.2 1.3
3.5 3.6 3.6 3.7 3.7 3.8 3.9 4.0 4.1 3.9 3.8 3.8 3.9 3.9 3.9 3.9 4.0 4.0 3.9 4.0 4.0 3.9 3.9 3.9 3.8 3.8 3.7 3.7 3.6 3.6 3.5 3.5 3.4 3.3 3.2 3.2 3.0 3.0 2.8 2.7 2.6 2.5 2.4 2.3 2.2 2.1 2.0 1.9 1.8 1.7 1.6 1.6 1.5 1.5 1.4 1.4 1.3 1.3 1.3 1.3 1.2 1.2 1.2 1.2 1.2 1.2 1.2 1.1 1.1 1.1 1.1 1.1 1.0 1.0 0.9 0.9 0.9 0.8 0.8 0.7 0.7 0.7 0.7 0.7 0.8 0.8 0.9 1.0 1.0 1.1 1.2 1.4
